T	acela. (m)
0.02	-0.07628
0.04	0.01902
0.06	-0.03955
0.08	-0.09875
0.1	-0.0521
0.12	0.00284
0.14	0.04187
0.16	0.02805
0.18	-0.01232
0.2	-0.0531
0.22	-0.03907
0.24	0.03045
0.26	0.08504
0.28	0.08557
0.3	0.06046
0.32	0.00779
0.34	0.00343
0.36	0.00191
0.38	-0.04023
0.4	-0.10519
0.42	-0.11379
0.44	-0.06469
0.46	-0.04352
0.48	-0.02257
0.5	-0.02108
0.52	-0.01907
0.54	0.0396
0.56	0.07462
0.58	0.01147
0.6	-0.05737
0.62	-0.02767
0.64	0.10201
0.66	0.11298
0.68	0.04756
0.7	-0.04844
0.72	-0.01
0.74	0.04014
0.76	0.02517
0.78	-0.05833
0.8	-0.07185
0.82	0.06493
0.84	0.10696
0.86	-0.03156
0.88	-0.16873
0.9	-0.09866
0.92	0.0484
0.94	0.06477
0.96	-0.03563
0.98	-0.04478
1	0.02856
1.02	-0.03491
1.04	-0.14316
1.06	-0.22745
1.08	-0.17831
1.1	-0.18295
1.12	-0.12318
1.14	0.0134
1.16	0.08547
1.18	0.06724
1.2	0.04676
1.22	-0.03989
1.24	-0.05524
1.26	0.01422
1.28	0.04003
1.3	0.00084
1.32	0.02258
1.34	0.08485
1.36	0.11101
1.38	0.14989
1.4	0.18418
1.42	0.15667
1.44	0.07921
1.46	0.003
1.48	-0.0804
1.5	-0.04143
1.52	0.07755
1.54	0.17987
1.56	0.11386
1.58	-0.00878
1.6	-0.10451
1.62	-0.08446
1.64	-0.07407
1.66	-0.08811
1.68	-0.09539
1.7	-0.01598
1.72	0.05207
1.74	0.0077
1.76	-0.0673
1.78	-0.16785
1.8	-0.19465
1.82	-0.13463
1.84	-0.04947
1.86	-0.03042
1.88	-0.11712
1.9	-0.23414
1.92	-0.23735
1.94	-0.06194
1.96	0.06847
1.98	0.11254
2	0.08492
2.02	0.03853
2.04	-0.02194
2.06	-0.02274
2.08	0.15813
2.1	0.26026
2.12	0.08975
2.14	-0.16005
2.16	-0.21913
2.18	-0.16714
2.2	-0.20946
2.22	-0.2431
2.24	-0.18358
2.26	-0.04183
2.28	0.10389
2.3	0.23392
2.32	0.08839
2.34	-0.13931
2.36	-0.36144
2.38	-0.3024
2.4	-0.15701
2.42	-0.11255
2.44	-0.07214
2.46	0.07861
2.48	0.13189
2.5	0.12497
2.52	0.07659
2.54	-0.06699
2.56	-0.22214
2.58	-0.22501
2.6	-0.19445
2.62	-0.25378
2.64	-0.23142
2.66	-0.11753
2.68	0.01035
2.7	0.08526
2.72	0.1124
2.74	0.14323
2.76	0.20431
2.78	0.19634
2.8	0.16612
2.82	0.18223
2.84	0.17518
2.86	0.08782
2.88	0.01501
2.9	0.04873
2.92	0.05173
2.94	0.0405
2.96	0.09099
2.98	0.07844
3	0.02134
3.02	-0.03425
3.04	0.05043
3.06	0.21853
3.08	0.3561
3.1	0.31975
3.12	0.24051
3.14	0.32242
3.16	0.48325
3.18	0.56673
3.2	0.60903
3.22	0.70769
3.24	0.65076
3.26	0.53462
3.28	0.51614
3.3	0.48796
3.32	0.49802
3.34	0.5177
3.36	0.56069
3.38	0.48087
3.4	0.34746
3.42	0.25475
3.44	0.16861
3.46	0.14514
3.48	0.2556
3.5	0.39535
3.52	0.45053
3.54	0.43247
3.56	0.23562
3.58	-0.03249
3.6	-0.32077
3.62	-0.54642
3.64	-0.74417
3.66	-0.92395
3.68	-1.18157
3.7	-1.46354
3.72	-1.7594
3.74	-1.60683
3.76	-1.17181
3.78	-0.68064
3.8	-0.18381
3.82	0.34362
3.84	0.64019
3.86	0.61057
3.88	0.55261
3.9	0.45076
3.92	0.46845
3.94	0.55325
3.96	0.64704
3.98	0.56319
4	0.37011
4.02	0.16181
4.04	-0.04641
4.06	-0.04579
4.08	0.08568
4.1	0.22308
4.12	0.39548
4.14	0.45787
4.16	0.21042
4.18	-0.1341
4.2	-0.49772
4.22	-0.83394
4.24	-0.67449
4.26	-0.36618
4.28	0.01549
4.3	0.01473
4.32	-0.29972
4.34	-0.65221
4.36	-0.74875
4.38	-0.6932
4.4	-0.61824
4.42	-0.33467
4.44	-0.03163
4.46	0.31659
4.48	0.44792
4.5	0.44125
4.52	0.16268
4.54	-0.35017
4.56	-0.92072
4.58	-1.21119
4.6	-0.82199
4.62	-0.33476
4.64	0.21573
4.66	0.37024
4.68	0.52982
4.7	0.55417
4.72	0.36555
4.74	0.14346
4.76	-0.1091
4.78	-0.3423
4.8	-0.60871
4.82	-0.68204
4.84	-0.45638
4.86	-0.2104
4.88	-0.00461
4.9	0.31238
4.92	0.847
4.94	1.11195
4.96	0.86761
4.98	0.50044
5	0.0957
5.02	-0.30821
5.04	-0.39204
5.06	-0.27626
5.08	-0.11014
5.1	-0.05014
5.12	-0.00644
5.14	0.18392
5.16	0.39709
5.18	0.5163
5.2	0.41755
5.22	0.28535
5.24	0.17854
5.26	0.27147
5.28	0.4026
5.3	0.56401
5.32	0.66851
5.34	0.45483
5.36	0.14974
5.38	-0.18879
5.4	-0.52058
5.42	-0.86736
5.44	-1.08783
5.46	-1.12033
5.48	-1.02684
5.5	-0.8792
5.52	-0.61983
5.54	-0.27173
5.56	0.08308
5.58	0.43099
5.6	0.49683
5.62	0.41119
5.64	0.36717
5.66	0.47191
5.68	0.61473
5.7	0.77038
5.72	0.91245
5.74	0.72636
5.76	0.34873
5.78	-0.07018
5.8	-0.42258
5.82	-0.29944
5.84	-0.01952
5.86	0.14892
5.88	-0.07427
5.9	-0.36101
5.92	-0.71709
5.94	-0.88803
5.96	-0.6282
5.98	-0.29329
6	0.11693
6.02	0.21313
6.04	-0.04501
6.06	-0.23899
6.08	-0.32214
6.1	-0.41148
6.12	-0.36127
6.14	-0.22876
6.16	-0.07886
6.18	0.06632
6.2	0.15087
6.22	0.14712
6.24	-0.00942
6.26	-0.28811
6.28	-0.32316
6.3	-0.16173
6.32	0.06753
6.34	0.02121
6.36	-0.33607
6.38	-0.74744
6.4	-0.93867
6.42	-0.7177
6.44	-0.6201
6.46	-0.31849
6.48	0.07787
6.5	0.51534
6.52	0.94817
6.54	1.36868
6.56	1.46421
6.58	1.43277
6.6	1.3836
6.62	1.33876
6.64	1.34078
6.66	1.34289
6.68	1.08986
6.7	0.76078
6.72	0.40888
6.74	0.05156
6.76	-0.29659
6.78	-0.66935
6.8	-0.83091
6.82	-0.57642
6.84	-0.28769
6.86	0.09272
6.88	0.22124
6.9	0.08569
6.92	-0.08705
6.94	-0.279
6.96	-0.48169
6.98	-0.55115
7	-0.36196
7.02	-0.14113
7.04	0.11495
7.06	0.36043
7.08	0.58785
7.1	0.51004
7.12	0.32608
7.14	0.1139
7.16	-0.10479
7.18	-0.31817
7.2	-0.54054
7.22	-0.74686
7.24	-0.98585
7.26	-1.01054
7.28	-0.69454
7.3	-0.34374
7.32	0.06672
7.34	0.32017
7.36	0.1257
7.38	-0.0086
7.4	0.1551
7.42	0.38809
7.44	0.58112
7.46	0.37899
7.48	0.16537
7.5	0.22113
7.52	0.39088
7.54	0.38071
7.56	0.13636
7.58	-0.11678
7.6	-0.41377
7.62	-0.67811
7.64	-0.98085
7.66	-1.10331
7.68	-1.06632
7.7	-0.99426
7.72	-0.96609
7.74	-1.01383
7.76	-1.02103
7.78	-0.72843
7.8	-0.3569
7.82	0.05726
7.84	0.44671
7.86	0.88851
7.88	0.95122
7.9	0.40891
7.92	0.15457
7.94	0.36176
7.96	0.68097
7.98	0.81886
8	0.44587
8.02	0.36401
8.04	0.20176
8.06	-0.21873
8.08	-0.66498
8.1	-0.83319
8.12	-0.55601
8.14	-0.13492
8.16	0.30021
8.18	0.76267
8.2	0.7872
8.22	0.43013
8.24	0.07244
8.26	0.0348
8.28	0.14726
8.3	0.1367
8.32	0.09851
8.34	0.13722
8.36	0.21909
8.38	0.07434
8.4	-0.16974
8.42	-0.43491
8.44	-0.37862
8.46	-0.09221
8.48	0.18081
8.5	0.36487
8.52	0.52409
8.54	0.71699
8.56	0.87662
8.58	0.87986
8.6	0.59054
8.62	0.14388
8.64	-0.37123
8.66	-0.62397
8.68	-0.53354
8.7	-0.41383
8.72	-0.29969
8.74	-0.29556
8.76	-0.23305
8.78	-0.13641
8.8	-0.13797
8.82	-0.31211
8.84	-0.54006
8.86	-0.61969
8.88	-0.43095
8.9	-0.21072
8.92	0.04084
8.94	0.28273
8.96	0.32108
8.98	0.14285
9	-0.02587
9.02	-0.2875
9.04	-0.62286
9.06	-1.04542
9.08	-1.11974
9.1	-0.83259
9.12	-0.4907
9.14	-0.09067
9.16	0.30645
9.18	0.70445
9.2	1.09282
9.22	1.02854
9.24	0.64441
9.26	0.33274
9.28	0.17602
9.3	-0.12477
9.32	-0.48297
9.34	-0.90572
9.36	-1.01032
9.38	-0.77964
9.4	-0.50634
9.42	-0.25156
9.44	-0.14374
9.46	-0.05641
9.48	0.01958
9.5	0.15218
9.52	0.293
9.54	0.44693
9.56	0.56312
9.58	0.47418
9.6	0.31936
9.62	0.2118
9.64	0.26784
9.66	0.15303
9.68	-0.14702
9.7	-0.4808
9.72	-0.75703
9.74	-0.66275
9.76	-0.51513
9.78	-0.41566
9.8	-0.31222
9.82	-0.02615
9.84	0.28993
9.86	0.47975
9.88	0.64769
9.9	0.70152
9.92	0.58189
9.94	0.45389
9.96	0.28182
9.98	0.24845
10	0.39511
10.02	0.59112
10.04	0.66438
10.06	0.46919
10.08	0.23914
10.1	-0.00004
10.12	0.09836
10.14	0.34545
10.16	0.50218
10.18	0.26462
10.2	-0.03666
10.22	-0.42026
10.24	-0.55834
10.26	-0.34167
10.28	-0.06682
10.3	0.21302
10.32	0.16593
10.34	0.04683
10.36	0.11382
10.38	0.28964
10.4	0.22488
10.42	0.01184
10.44	-0.14571
10.46	-0.09815
10.48	-0.00829
10.5	0.09161
10.52	0.03382
10.54	-0.0641
10.56	-0.15142
10.58	-0.15874
10.6	-0.24113
10.62	-0.34505
10.64	-0.47821
10.66	-0.5304
10.68	-0.41078
10.7	-0.26371
10.72	-0.26929
10.74	-0.30678
10.76	-0.24129
10.78	-0.08161
10.8	-0.06543
10.82	-0.25271
10.84	-0.44313
10.86	-0.40332
10.88	-0.24451
10.9	-0.22243
10.92	-0.29999
10.94	-0.33818
10.96	-0.20232
10.98	-0.03288
11	0.16577
11.02	0.33085
11.04	0.48339
11.06	0.62373
11.08	0.84305
11.1	0.8144
11.12	0.50481
11.14	0.1565
11.16	-0.20614
11.18	-0.59801
11.2	-0.69561
11.22	-0.33866
11.24	0.03283
11.26	0.50154
11.28	0.68495
11.3	0.65151
11.32	0.57644
11.34	0.33263
11.36	0.07185
11.38	-0.22418
11.4	-0.42454
11.42	-0.52656
11.44	-0.58707
11.46	-0.39368
11.48	-0.12194
11.5	0.14021
11.52	0.24292
11.54	0.20921
11.56	0.09642
11.58	-0.01531
11.6	0.00849
11.62	-0.00041
11.64	-0.12616
11.66	-0.24866
11.68	-0.39736
11.7	-0.34108
11.72	-0.14841
11.74	0.07041
11.76	0.2973
11.78	0.51716
11.8	0.55519
11.82	0.49632
11.84	0.49998
11.86	0.54242
11.88	0.47461
11.9	0.26449
11.92	0.04996
11.94	-0.20115
11.96	-0.32529
11.98	-0.35102
12	-0.31775
12.02	-0.26249
12.04	-0.205
12.06	-0.13771
12.08	-0.10559
12.1	-0.23321
12.12	-0.41407
12.14	-0.52053
12.16	-0.35037
12.18	-0.12659
12.2	0.12798
12.22	0.27904
12.24	0.37989
12.26	0.47366
12.28	0.50457
12.3	0.37941
12.32	0.22237
12.34	0.08123
12.36	0.10857
12.38	0.17292
12.4	0.25423
12.42	0.16418
12.44	-0.06807
12.46	-0.30499
12.48	-0.55405
12.5	-0.41972
12.52	-0.0916
12.54	0.29468
12.56	0.45053
12.58	0.35847
12.6	0.26265
12.62	0.15507
12.64	0.01274
12.66	-0.16107
12.68	-0.22869
12.7	-0.18583
12.72	-0.25321
12.74	-0.35698
12.76	-0.44606
12.78	-0.44329
12.8	-0.4116
12.82	-0.25988
12.84	-0.06998
12.86	0.14887
12.88	0.2724
12.9	0.2624
12.92	0.25378
12.94	0.32087
12.96	0.40826
12.98	0.33493
13	0.19387
13.02	0.03491
13.04	-0.12578
13.06	-0.28627
13.08	-0.38105
13.1	-0.39948
13.12	-0.3584
13.14	-0.29501
13.16	-0.239
13.18	-0.34095
13.2	-0.47427
13.22	-0.27319
13.24	0.02384
13.26	0.36431
13.28	0.6567
13.3	0.8135
13.32	0.91527
13.34	1.03449
13.36	0.97627
13.38	0.68291
13.4	0.35946
13.42	0.01625
13.44	-0.33847
13.46	-0.5368
13.48	-0.42605
13.5	-0.27976
13.52	-0.08917
13.54	0.0851
13.56	0.24922
13.58	0.14715
13.6	-0.01534
13.62	-0.21604
13.64	-0.25693
13.66	-0.16789
13.68	-0.06251
13.7	0.0558
13.72	0.07331
13.74	0.02439
13.76	-0.00635
13.78	-0.051
13.8	-0.09259
13.82	-0.13327
13.84	-0.12003
13.86	-0.15498
13.88	-0.32016
13.9	-0.41562
13.92	-0.28034
13.94	-0.10661
13.96	0.10936
13.98	0.19073
14	0.13824
14.02	0.08073
14.04	0.05566
14.06	-0.00331
14.08	-0.12649
14.1	-0.27784
14.12	-0.30307
14.14	-0.02678
14.16	0.28316
14.18	0.65061
14.2	0.76148
14.22	0.64653
14.24	0.49937
14.26	0.40558
14.28	0.35332
14.3	0.14705
14.32	-0.04252
14.34	-0.15946
14.36	-0.10076
14.38	0.05884
14.4	0.09595
14.42	0.02987
14.44	-0.07281
14.46	-0.03532
14.48	0.11907
14.5	0.17688
14.52	0.24795
14.54	0.32795
14.56	0.35596
14.58	0.3319
14.6	0.31506
14.62	0.26968
14.64	0.10193
14.66	-0.09615
14.68	-0.30996
14.7	-0.42265
14.72	-0.44718
14.74	-0.45436
14.76	-0.39153
14.78	-0.34677
14.8	-0.41389
14.82	-0.53402
14.84	-0.5445
14.86	-0.45501
14.88	-0.29524
14.9	-0.03474
14.92	0.22292
14.94	0.5068
14.96	0.7227
14.98	0.69751
15	0.59493
15.02	0.48006
15.04	0.32188
15.06	0.10515
15.08	-0.12099
15.1	-0.3544
15.12	-0.5703
15.14	-0.58021
15.16	-0.49893
15.18	-0.39916
15.2	-0.29398
15.22	-0.18944
15.24	-0.086
15.26	-0.02691
15.28	-0.01186
15.3	0.08485
15.32	0.16962
15.34	0.24419
15.36	0.26807
15.38	0.20093
15.4	0.13125
15.42	0.19892
15.44	0.32964
15.46	0.49943
15.48	0.40405
15.5	0.15123
15.52	-0.12728
15.54	-0.40169
15.56	-0.39221
15.58	-0.23409
15.6	-0.07612
15.62	0.03563
15.64	0.12148
15.66	0.21426
15.68	0.16064
15.7	-0.04116
15.72	-0.24966
15.74	-0.48612
15.76	-0.63477
15.78	-0.69667
15.8	-0.75705
15.82	-0.73303
15.84	-0.56836
15.86	-0.38425
15.88	-0.18146
15.9	0.01639
15.92	0.19672
15.94	0.14167
15.96	0.02563
15.98	-0.12356
16	-0.22573
16.02	-0.19031
16.04	-0.1127
16.06	-0.07651
16.08	-0.00834
16.1	0.15346
16.12	0.32246
16.14	0.51711
16.16	0.6123
16.18	0.47971
16.2	0.29682
16.22	0.12254
16.24	0.06835
16.26	0.00622
16.28	-0.04136
16.3	-0.0598
16.32	-0.08073
16.34	-0.11704
16.36	-0.15174
16.38	-0.21315
16.4	-0.25419
16.42	-0.27553
16.44	-0.26442
16.46	-0.19518
16.48	-0.13004
16.5	-0.09332
16.52	-0.01298
16.54	0.09173
16.56	0.19681
16.58	0.28862
16.6	0.32455
16.62	0.25899
16.64	0.17567
16.66	0.10542
16.68	0.06313
16.7	-0.02489
16.72	-0.13485
16.74	-0.20914
16.76	-0.1248
16.78	-0.00203
16.8	0.10544
16.82	0.13715
16.84	0.16939
16.86	0.21845
16.88	0.31192
16.9	0.2881
16.92	0.17573
16.94	0.06199
16.96	0.08603
16.98	0.15534
17	0.22398
17.02	0.19741
17.04	0.14774
17.06	0.0847
17.08	0.02686
17.1	-0.03795
17.12	-0.09039
17.14	-0.09366
17.16	-0.07039
17.18	-0.0977
17.2	-0.14383
17.22	-0.20264
17.24	-0.17295
17.26	-0.06719
17.28	0.03402
17.3	-0.04231
17.32	-0.22362
17.34	-0.41389
17.36	-0.60966
17.38	-0.57799
17.4	-0.42254
17.42	-0.24217
17.44	-0.05508
17.46	0.12882
17.48	0.1932
17.5	0.1742
17.52	0.17661
17.54	0.2166
17.56	0.23155
17.58	0.20421
17.6	0.19761
17.62	0.25127
17.64	0.27475
17.66	0.26812
17.68	0.26886
17.7	0.31025
17.72	0.16914
17.74	-0.02046
17.76	-0.2489
17.78	-0.38466
17.8	-0.41283
17.82	-0.34197
17.84	-0.19191
17.86	-0.03452
17.88	0.02968
17.9	0.00785
17.92	-0.00932
17.94	0.04146
17.96	0.11772
17.98	0.07751
18	-0.01708
18.02	-0.12208
18.04	-0.12158
18.06	-0.07421
18.08	-0.10795
18.1	-0.16162
18.12	-0.21454
18.14	-0.26273
18.16	-0.3141
18.18	-0.33663
18.2	-0.23059
18.22	-0.08981
18.24	0.05588
18.26	0.12136
18.28	0.16704
18.3	0.18412
18.32	0.16133
18.34	0.13557
18.36	0.09942
18.38	0.10796
18.4	0.15571
18.42	0.21757
18.44	0.2213
18.46	0.14438
18.48	0.06282
18.5	-0.02236
18.52	-0.00277
18.54	0.05669
18.56	0.12948
18.58	0.18905
18.6	0.11235
18.62	-0.01722
18.64	-0.10668
18.66	-0.1923
18.68	-0.3128
18.7	-0.44863
18.72	-0.54179
18.74	-0.50981
18.76	-0.42086
18.78	-0.23944
18.8	-0.04137
18.82	0.16694
18.84	0.35871
18.86	0.32119
18.88	0.16329
18.9	-0.01671
18.92	-0.17584
18.94	-0.12677
18.96	-0.0261
18.98	0.10063
19	0.17217
19.02	0.19498
19.04	0.23739
19.06	0.32533
19.08	0.3578
19.1	0.21922
19.12	0.02291
19.14	-0.17725
19.16	-0.38796
19.18	-0.36106
19.2	-0.16583
19.22	0.06413
19.24	0.22535
19.26	0.26412
19.28	0.27118
19.3	0.2249
19.32	0.14319
19.34	-0.00498
19.36	-0.15983
19.38	-0.33573
19.4	-0.3912
19.42	-0.31141
19.44	-0.25215
19.46	-0.21979
19.48	-0.18054
19.5	-0.1174
19.52	-0.05725
19.54	-0.04667
19.56	-0.07762
19.58	-0.07949
19.6	-0.05044
19.62	-0.02555
19.64	0.00392
19.66	0.04942
19.68	0.11298
19.7	0.13093
19.72	0.08079
19.74	0.04916
19.76	0.02903
19.78	-0.022
19.8	-0.1096
19.82	-0.10455
19.84	-0.04364
19.86	0.02876
19.88	0.10707
19.9	0.16852
19.92	0.13844
19.94	0.07476
19.96	0.06277
19.98	0.17171
20	0.25932
20.02	0.31895
20.04	0.25691
20.06	0.15758
20.08	0.04205
20.1	-0.04032
20.12	-0.06588
20.14	-0.04039
20.16	0.01828
20.18	0.09261
20.2	0.14327
20.22	0.1607
20.24	0.11291
20.26	0.01031
20.28	-0.11257
20.3	-0.18929
20.32	-0.16087
20.34	-0.11727
20.36	-0.09775
20.38	-0.10122
20.4	-0.07888
20.42	-0.10501
20.44	-0.18986
20.46	-0.29086
20.48	-0.25333
20.5	-0.08142
20.52	0.09693
20.54	0.29203
20.56	0.32649
20.58	0.26201
20.6	0.19118
20.62	0.20832
20.64	0.26702
20.66	0.27016
20.68	0.23397
20.7	0.18457
20.72	0.16525
20.74	0.15126
20.76	0.06418
20.78	-0.04924
20.8	-0.11337
20.82	-0.04002
20.84	0.0506
20.86	0.02665
20.88	-0.06375
20.9	-0.16741
20.92	-0.1333
20.94	-0.02559
20.96	0.06947
20.98	0.14378
21	0.22492
21.02	0.24053
21.04	0.13319
21.06	0.00151
21.08	-0.09689
21.1	-0.17302
21.12	-0.21602
21.14	-0.15252
21.16	-0.06758
21.18	-0.01491
21.2	-0.01581
21.22	-0.0661
21.24	-0.12459
21.26	-0.19404
21.28	-0.19492
21.3	-0.13318
21.32	-0.06249
21.34	0.00074
21.36	0.02891
21.38	0.02355
21.4	-0.00386
21.42	-0.07938
21.44	-0.17591
21.46	-0.23588
21.48	-0.25992
21.5	-0.25835
21.52	-0.21384
21.54	-0.15449
21.56	-0.06452
21.58	0.06567
21.6	0.16028
21.62	0.20644
21.64	0.18853
21.66	0.15148
21.68	0.09411
21.7	0.0153
21.72	-0.06978
21.74	-0.06159
21.76	-0.00867
21.78	0.06584
21.8	0.07405
21.82	-0.02281
21.84	-0.13426
21.86	-0.25922
21.88	-0.36496
21.9	-0.32087
21.92	-0.23087
21.94	-0.1257
21.96	-0.02156
21.98	0.10948
22	0.2465
22.02	0.33546
22.04	0.35963
22.06	0.33093
22.08	0.33418
22.1	0.35899
22.12	0.35725
22.14	0.35666
22.16	0.38238
22.18	0.39214
22.2	0.24526
22.22	0.05192
22.24	-0.13001
22.26	-0.23231
22.28	-0.30187
22.3	-0.27504
22.32	-0.16111
22.34	0.05965
22.36	0.16349
22.38	0.23786
22.4	0.16224
22.42	0.06185
22.44	-0.0654
22.46	-0.16012
22.48	-0.21456
22.5	-0.21431
22.52	-0.18673
22.54	-0.06707
22.56	0.03034
22.58	0.08374
22.6	0.10879
22.62	0.12813
22.64	0.11802
22.66	0.102
22.68	0.08598
22.7	0.06819
22.72	-0.00027
22.74	-0.10873
22.76	-0.1562
22.78	-0.09654
22.8	-0.00942
22.82	0.11369
22.84	0.19189
22.86	0.24685
22.88	0.26147
22.9	0.22099
22.92	0.17157
22.94	0.14017
22.96	0.12105
22.98	0.08864
23	0.04651
23.02	-0.00788
23.04	-0.0878
23.06	-0.17249
23.08	-0.24002
23.1	-0.16294
23.12	-0.05373
23.14	0.08291
23.16	0.1286
23.18	0.05975
23.2	-0.01527
23.22	-0.10813
23.24	-0.19132
23.26	-0.27608
23.28	-0.21856
23.3	-0.08296
23.32	0.06129
23.34	0.1422
23.36	0.17923
23.38	0.17408
23.4	0.18945
23.42	0.23376
23.44	0.22588
23.46	0.13919
23.48	0.0471
23.5	-0.05955
23.52	-0.13548
23.54	-0.15085
23.56	-0.10687
23.58	-0.05151
23.6	-0.00943
23.62	0.00682
23.64	-0.00831
23.66	-0.07204
23.68	-0.14975
23.7	-0.19692
23.72	-0.1904
23.74	-0.15961
23.76	-0.13685
23.78	-0.14769
23.8	-0.1632
23.82	-0.15881
23.84	-0.13396
23.86	-0.13212
23.88	-0.14547
23.9	-0.14694
23.92	-0.11461
23.94	-0.11763
23.96	-0.10544
23.98	-0.05543
24	-0.00267
24.02	-0.03946
24.04	-0.1015
24.06	-0.17067
24.08	-0.16975
24.1	-0.14505
24.12	-0.13268
24.14	-0.12993
24.16	-0.14216
24.18	-0.10776
24.2	-0.01946
24.22	0.07692
24.24	0.15504
24.26	0.1757
24.28	0.19253
24.3	0.21404
24.32	0.24659
24.34	0.24842
24.36	0.17804
24.38	0.09175
24.4	0.01298
24.42	0.05523
24.44	0.08805
24.46	0.05447
24.48	0.00766
24.5	0.01023
24.52	0.02117
24.54	-0.02162
24.56	-0.08314
24.58	-0.12682
24.6	-0.1014
24.62	-0.07433
24.64	-0.08662
24.66	-0.0867
24.68	-0.06927
24.7	-0.08085
24.72	-0.14267
24.74	-0.18235
24.76	-0.15619
24.78	-0.10987
24.8	-0.05824
24.82	-0.01373
24.84	-0.01235
24.86	-0.02065
24.88	-0.02819
24.9	0.03984
24.92	0.13296
24.94	0.22882
24.96	0.24169
24.98	0.22019
25	0.15874
25.02	0.07668
25.04	-0.01129
25.06	-0.08208
25.08	-0.1001
25.1	-0.10596
25.12	-0.10684
25.14	-0.10753
25.16	-0.10885
25.18	-0.07946
25.2	0.01038
25.22	0.117
25.24	0.20125
25.26	0.17189
25.28	0.1346
25.3	0.15559
25.32	0.19351
25.34	0.17234
25.36	0.12197
25.38	0.08994
25.4	0.13112
25.42	0.1889
25.44	0.24863
25.46	0.23444
25.48	0.18687
25.5	0.16063
25.52	0.1604
25.54	0.16174
25.56	0.12293
25.58	0.07131
25.6	0.05214
25.62	0.0357
25.64	0.01819
25.66	-0.00816
25.68	-0.03109
25.7	-0.05483
25.72	-0.07479
25.74	-0.10926
25.76	-0.18364
25.78	-0.264
25.8	-0.30875
25.82	-0.26727
25.84	-0.18926
25.86	-0.10113
25.88	-0.01753
25.9	0.0324
25.92	0.03194
25.94	-0.04221
25.96	-0.13613
25.98	-0.23253
26	-0.33311
26.02	-0.32708
26.04	-0.2252
26.06	-0.11968
26.08	-0.01429
26.1	0.08353
26.12	0.18403
26.14	0.28655
26.16	0.35036
26.18	0.28662
26.2	0.19993
26.22	0.09629
26.24	0.01227
26.26	-0.07058
26.28	-0.03599
26.3	0.05774
26.32	0.16783
26.34	0.26597
26.36	0.33549
26.38	0.30356
26.4	0.21049
26.42	0.12579
26.44	0.04311
26.46	-0.03239
26.48	-0.11271
26.5	-0.12928
26.52	-0.09569
26.54	-0.05285
26.56	-0.03435
26.58	-0.04474
26.6	-0.05776
26.62	-0.08426
26.64	-0.15339
26.66	-0.16554
26.68	-0.13135
26.7	-0.12456
26.72	-0.11672
26.74	-0.07112
26.76	-0.002
26.78	0.04459
26.8	0.09812
26.82	0.14225
26.84	0.19241
26.86	0.14717
26.88	0.03095
26.9	-0.07953
26.92	-0.12565
26.94	-0.15556
26.96	-0.22895
26.98	-0.31405
27	-0.34606
27.02	-0.36002
27.04	-0.32746
27.06	-0.27531
27.08	-0.21571
27.1	-0.1247
27.12	-0.01194
27.14	0.07057
27.16	0.05398
27.18	0.05227
27.2	0.10561
27.22	0.16555
27.24	0.22618
27.26	0.21626
27.28	0.19873
27.3	0.1266
27.32	-0.0023
27.34	-0.0876
27.36	-0.06043
27.38	-0.02211
27.4	0.01393
27.42	0.04908
27.44	0.07794
27.46	0.04121
27.48	-0.01882
27.5	-0.08324
27.52	-0.11439
27.54	-0.13254
27.56	-0.14456
27.58	-0.13283
27.6	-0.07124
27.62	0.00104
27.64	0.04357
27.66	0.08357
27.68	0.12058
27.7	0.14504
27.72	0.08434
27.74	-0.00255
27.76	-0.07369
27.78	-0.02533
27.8	0.03624
27.82	0.04655
27.84	0.03257
27.86	0.05834
27.88	0.14933
27.9	0.16505
27.92	0.11036
27.94	0.04721
27.96	0.00599
27.98	0.00382
28	0.03918
28.02	0.06915
28.04	0.09199
28.06	0.1099
28.08	0.16391
28.1	0.15451
28.12	0.05643
28.14	-0.06696
28.16	-0.13679
28.18	-0.07322
28.2	-0.01472
28.22	-0.0543
28.24	-0.07789
28.26	-0.04735
28.28	-0.03704
28.3	-0.08421
28.32	-0.15095
28.34	-0.20633
28.36	-0.1972
28.38	-0.17757
28.4	-0.15513
28.42	-0.17216
28.44	-0.22921
28.46	-0.23092
28.48	-0.21663
28.5	-0.24548
28.52	-0.29327
28.54	-0.31185
28.56	-0.2561
28.58	-0.20177
28.6	-0.17574
28.62	-0.14383
28.64	-0.04788
28.66	0.06758
28.68	0.16708
28.7	0.19453
28.72	0.17973
28.74	0.17104
28.76	0.16606
28.78	0.16799
28.8	0.17044
28.82	0.13743
28.84	0.09334
28.86	0.04202
28.88	0.00611
28.9	0.01268
28.92	0.05647
28.94	0.07612
28.96	0.04644
28.98	0.01025
29	-0.02277
29.02	-0.06703
29.04	-0.13608
29.06	-0.21469
29.08	-0.21399
29.1	-0.13764
29.12	-0.05852
29.14	0.03617
29.16	0.08119
29.18	0.08372
29.2	0.10844
29.22	0.14787
29.24	0.13323
29.26	0.08554
29.28	0.02621
29.3	0.02783
29.32	0.10205
29.34	0.13198
29.36	0.15465
29.38	0.16489
29.4	0.18206
29.42	0.16372
29.44	0.10951
29.46	0.06594
29.48	0.08718
29.5	0.12265
29.52	0.16249
29.54	0.22126
29.56	0.25841
29.58	0.21262
29.6	0.14527
29.62	0.06462
29.64	-0.02389
29.66	-0.11229
29.68	-0.19635
29.7	-0.17341
29.72	-0.09857
29.74	-0.01102
29.76	0.05373
29.78	0.08773
29.8	0.11783
29.82	0.10738
29.84	0.04496
29.86	-0.03921
29.88	-0.12851
29.9	-0.20983
29.92	-0.23507
29.94	-0.18804
29.96	-0.08301
29.98	0.01443
30	0.0505
30.02	0.04504
30.04	0.01584
30.06	-0.00511
30.08	-0.02102
30.1	-0.02479
30.12	-0.02311
30.14	-0.02276
30.16	-0.0615
30.18	-0.08558
30.2	-0.04655
30.22	-0.00989
30.24	0.02926
30.26	0.04341
30.28	0.03966
30.3	-0.00091
30.32	-0.07141
30.34	-0.14083
30.36	-0.0913
30.38	0.00683
30.4	0.11795
30.42	0.15121
30.44	0.12752
30.46	0.12356
30.48	0.14655
30.5	0.17872
30.52	0.2108
30.54	0.26096
30.56	0.32664
30.58	0.36551
30.6	0.34164
30.62	0.28001
30.64	0.1875
30.66	0.07437
30.68	0.00529
30.7	0.00811
30.72	0.01283
30.74	-0.00359
30.76	-0.03343
30.78	-0.05049
30.8	-0.04723
30.82	-0.0436
30.84	-0.06381
30.86	-0.09353
30.88	-0.1239
30.9	-0.15674
30.92	-0.18629
30.94	-0.2266
30.96	-0.28311
30.98	-0.34528
31	-0.3094
31.02	-0.19401
31.04	-0.07312
31.06	0.06217
31.08	0.16152
31.1	0.20612
31.12	0.24831
31.14	0.28448
31.16	0.21566
31.18	0.11611
31.2	0.00872
31.22	-0.03745
31.24	-0.06035
31.26	-0.12201
31.28	-0.2265
31.3	-0.26524
31.32	-0.18133
31.34	-0.05883
31.36	-0.00862
31.38	-0.07134
31.4	-0.10268
31.42	-0.12569
31.44	-0.1445
31.46	-0.17575
31.48	-0.13818
31.5	-0.06286
31.52	0.02416
31.54	0.09539
31.56	0.08773
31.58	0.05872
31.6	-0.01145
31.62	-0.06949
31.64	-0.02488
31.66	0.04561
31.68	0.11617
31.7	0.07677
31.72	-0.00544
31.74	-0.07505
31.76	-0.07624
31.78	-0.06403
31.8	-0.04122
31.82	-0.01439
31.84	0.02752
31.86	0.04073
31.88	-0.00441
31.9	-0.07658
31.92	-0.06863
31.94	0.0304
31.96	0.10027
31.98	0.16872
32	0.15615
32.02	0.11169
32.04	0.06131
32.06	0.06897
32.08	0.0754
32.1	0.04094
32.12	0.01889
32.14	0.04501
32.16	0.07621
32.18	0.07024
32.2	0.03069
32.22	0.02539
32.24	0.10149
32.26	0.2118
32.28	0.22462
32.3	0.11444
32.32	0.01566
32.34	-0.05554
32.36	-0.11211
32.38	-0.19452
32.4	-0.28234
32.42	-0.36593
32.44	-0.36743
32.46	-0.34945
32.48	-0.33142
32.5	-0.30013
32.52	-0.25944
32.54	-0.18585
32.56	-0.07858
32.58	0.02873
32.6	0.08304
32.62	0.07105
32.64	-0.00379
32.66	-0.08816
32.68	-0.18809
32.7	-0.20655
32.72	-0.14233
32.74	-0.06739
32.76	-0.05195
32.78	-0.10467
32.8	-0.14344
32.82	-0.15639
32.84	-0.12897
32.86	-0.07796
32.88	-0.02592
32.9	-0.05573
32.92	-0.12908
32.94	-0.21009
32.96	-0.28547
32.98	-0.25742
33	-0.19131
33.02	-0.12328
33.04	-0.08135
33.06	-0.04559
33.08	0.00424
33.1	0.05495
33.12	0.08012
33.14	0.05132
33.16	0.02423
33.18	0.0759
33.2	0.13565
33.22	0.16418
33.24	0.18148
33.26	0.20973
33.28	0.22826
33.3	0.24197
33.32	0.25559
33.34	0.25519
33.36	0.21803
33.38	0.16154
33.4	0.12271
33.42	0.14295
33.44	0.16868
33.46	0.17961
33.48	0.1707
33.5	0.13391
33.52	0.1072
33.54	0.11221
33.56	0.13943
33.58	0.14832
33.6	0.1385
33.62	0.10115
33.64	0.02061
33.66	-0.07019
33.68	-0.13895
33.7	-0.15951
33.72	-0.17113
33.74	-0.16688
33.76	-0.13585
33.78	-0.06078
33.8	0.01088
33.82	0.05492
33.84	0.07621
33.86	0.05207
33.88	-0.0331
33.9	-0.12963
33.92	-0.18913
33.94	-0.15646
33.96	-0.08072
33.98	0.01179
34	0.0509
34.02	-0.00171
34.04	-0.01141
34.06	0.06869
34.08	0.17469
34.1	0.26152
34.12	0.27489
34.14	0.25861
34.16	0.21518
34.18	0.16176
34.2	0.10625
34.22	0.05025
34.24	-0.00248
34.26	0.00059
34.28	0.04361
34.3	0.05002
34.32	-0.025
34.34	-0.08387
34.36	-0.04015
34.38	0.04545
34.4	0.10366
34.42	0.05861
34.44	-0.02563
34.46	-0.05471
34.48	-0.00563
34.5	0.01459
34.52	0.00798
34.54	-0.03635
34.56	-0.08085
34.58	-0.05777
34.6	0.00824
34.62	0.04099
34.64	0.03081
34.66	0.03811
34.68	0.1316
34.7	0.18561
34.72	0.13237
34.74	0.05559
34.76	0.02305
34.78	0.04318
34.8	0.05484
34.82	0.06417
34.84	0.05605
34.86	0.05501
34.88	0.05296
34.9	0.0613
34.92	0.02015
34.94	-0.05752
34.96	-0.13336
34.98	-0.11854
35	-0.06774
35.02	-0.03028
35.04	-0.0195
35.06	0.02292
35.08	0.09624
35.1	0.14829
35.12	0.09996
35.14	0.01377
35.16	-0.02787
35.18	0.03655
35.2	0.12684
35.22	0.17529
35.24	0.08199
35.26	-0.03324
35.28	-0.16857
35.3	-0.29336
35.32	-0.36802
35.34	-0.34778
35.36	-0.27677
35.38	-0.18066
35.4	-0.08328
35.42	0.02016
35.44	0.07848
35.46	0.09476
35.48	0.1065
35.5	0.11545
35.52	0.14814
35.54	0.18582
35.56	0.22245
35.58	0.22003
35.6	0.18945
35.62	0.15185
35.64	0.11182
35.66	0.07162
35.68	0.02005
35.7	-0.04334
35.72	-0.08893
35.74	-0.10351
35.76	-0.11682
35.78	-0.13366
35.8	-0.15469
35.82	-0.1458
35.84	-0.09073
35.86	0.01271
35.88	0.13025
35.9	0.23622
35.92	0.28189
35.94	0.26718
35.96	0.19897
35.98	0.11797
36	0.05035
36.02	0.00729
36.04	-0.03391
36.06	-0.02172
36.08	0.01236
36.1	0.05267
36.12	0.09603
36.14	0.17019
36.16	0.25761
36.18	0.30293
36.2	0.26617
36.22	0.19827
36.24	0.12742
36.26	0.0572
36.28	-0.02312
36.3	-0.10728
36.32	-0.17343
36.34	-0.17423
36.36	-0.12714
36.38	-0.06877
36.4	-0.01591
36.42	-0.02279
36.44	-0.04143
36.46	-0.01428
36.48	0.04151
36.5	0.02145
36.52	-0.06267
36.54	-0.1286
36.56	-0.11124
36.58	-0.07111
36.6	-0.06994
36.62	-0.09694
36.64	-0.10241
36.66	-0.08816
36.68	-0.0934
36.7	-0.11791
36.72	-0.12719
36.74	-0.07677
36.76	-0.01014
36.78	0.06088
36.8	0.11368
36.82	0.12217
36.84	0.07734
36.86	0.02334
36.88	-0.03666
36.9	-0.09532
36.92	-0.15066
36.94	-0.15005
36.96	-0.12579
36.98	-0.13688
37	-0.17278
37.02	-0.21358
37.04	-0.22299
37.06	-0.20001
37.08	-0.15943
37.1	-0.10736
37.12	-0.06491
37.14	-0.03388
37.16	-0.02958
37.18	-0.06274
37.2	-0.13198
37.22	-0.21573
37.24	-0.25568
37.26	-0.21958
37.28	-0.18244
37.3	-0.15891
37.32	-0.15921
37.34	-0.1673
37.36	-0.17646
37.38	-0.20086
37.4	-0.23778
37.42	-0.27005
37.44	-0.2222
37.46	-0.16055
37.48	-0.13163
37.5	-0.11279
37.52	-0.06243
37.54	0.01139
37.56	0.0452
37.58	0.02446
37.6	-0.04943
37.62	-0.09053
37.64	-0.07571
37.66	-0.09496
37.68	-0.14041
37.7	-0.17592
37.72	-0.17065
37.74	-0.1173
37.76	-0.04928
37.78	-0.02054
37.8	-0.03684
37.82	-0.04612
37.84	-0.00018
37.86	0.06342
37.88	0.11003
37.9	0.13047
37.92	0.10747
37.94	0.08003
37.96	0.06533
37.98	0.05674
38	0.02797
38.02	-0.02672
38.04	-0.06241
38.06	-0.04502
38.08	-0.01099
38.1	0.0157
38.12	0.01481
38.14	0.00894
38.16	0.01381
38.18	0.01849
38.2	0.01162
38.22	0.01024
38.24	0.07498
38.26	0.15434
38.28	0.1956
38.3	0.19749
38.32	0.16449
38.34	0.1271
38.36	0.08359
38.38	0.04236
38.4	0.02036
38.42	0.00471
38.44	-0.01055
38.46	-0.02709
38.48	-0.03742
38.5	-0.04114
38.52	-0.04632
38.54	-0.05675
38.56	-0.05552
38.58	-0.02091
38.6	0.01965
38.62	0.03822
38.64	0.04504
38.66	0.06534
38.68	0.10566
38.7	0.12352
38.72	0.10945
38.74	0.09203
38.76	0.0566
38.78	0.00223
38.8	-0.04083
38.82	-0.05964
38.84	-0.05377
38.86	-0.04308
38.88	-0.02229
38.9	0.00792
38.92	0.04019
38.94	0.03216
38.96	-0.00166
38.98	-0.02238
39	-0.03926
39.02	-0.08376
39.04	-0.11331
39.06	-0.11526
39.08	-0.09887
39.1	-0.08939
39.12	-0.08408
39.14	-0.08342
39.16	-0.05987
39.18	-0.01041
39.2	0.0318
39.22	0.06025
39.24	0.08064
39.26	0.09155
39.28	0.10906
39.3	0.13688
39.32	0.16589
39.34	0.15517
39.36	0.11874
39.38	0.08091
39.4	0.03735
39.42	0.00002
39.44	-0.04731
39.46	-0.04523
39.48	0.01598
39.5	0.09123
39.52	0.12842
39.54	0.08942
39.56	0.05451
39.58	0.03906
39.6	0.04581
39.62	0.05412
39.64	0.06566
39.66	0.07612
39.68	0.07961
39.7	0.06888
39.72	0.06925
39.74	0.07656
39.76	0.08715
39.78	0.09641
39.8	0.10866
39.82	0.10686
39.84	0.08706
39.86	0.06128
39.88	0.05882
39.9	0.09341
39.92	0.12095
39.94	0.14297
39.96	0.13566
39.98	0.0975
40	0.04108
40.02	0.01518
40.04	0.0289
40.06	0.04394
40.08	0.04064
40.1	0.0271
40.12	0.01227
40.14	-0.00298
40.16	-0.01906
40.18	-0.03265
40.2	-0.06469
40.22	-0.12107
40.24	-0.17411
40.26	-0.19799
40.28	-0.16622
40.3	-0.10102
40.32	-0.05069
40.34	-0.06682
40.36	-0.08436
40.38	-0.0287
40.4	0.04623
40.42	0.12698
40.44	0.13984
40.46	0.11692
40.48	0.0957
40.5	0.0747
40.52	0.0483
40.54	0.00965
40.56	-0.01671
40.58	-0.02013
40.6	-0.00446
40.62	0.01382
40.64	0.03289
40.66	0.03352
40.68	0.02757
40.7	0.0128
40.72	-0.01345
40.74	-0.03376
40.76	-0.02252
40.78	0.00017
40.8	0.00555
40.82	-0.00766
40.84	-0.01646
40.86	0.01818
40.88	0.07081
40.9	0.11166
40.92	0.12625
40.94	0.13681
40.96	0.1425
40.98	0.12735
41	0.0953
41.02	0.07054
41.04	0.05576
41.06	0.07678
41.08	0.12313
41.1	0.17209
41.12	0.209
41.14	0.21178
41.16	0.18846
41.18	0.14327
41.2	0.09851
41.22	0.04806
41.24	0.01802
41.26	0.00479
41.28	0.00389
41.3	0.02047
41.32	0.03818
41.34	0.06129
41.36	0.08381
41.38	0.09031
41.4	0.06695
41.42	0.03126
41.44	-0.00076
41.46	-0.03061
41.48	-0.07209
41.5	-0.0826
41.52	-0.04901
41.54	-0.01061
41.56	0.03083
41.58	0.05963
41.6	0.0577
41.62	0.00829
41.64	-0.07012
41.66	-0.12125
41.68	-0.14187
41.7	-0.16122
41.72	-0.16271
41.74	-0.13679
41.76	-0.09765
41.78	-0.05703
41.8	-0.01399
41.82	0.02606
41.84	0.07105
41.86	0.08894
41.88	0.07584
41.9	0.0667
41.92	0.05134
41.94	0.03337
41.96	0.00755
41.98	0.00996
42	0.05594
42.02	0.11165
42.04	0.16557
42.06	0.1895
42.08	0.19677
42.1	0.19213
42.12	0.18459
42.14	0.15647
42.16	0.09978
42.18	0.04372
42.2	0.01707
42.22	0.00641
42.24	0.01327
42.26	0.02929
42.28	0.05733
42.3	0.08541
42.32	0.11059
42.34	0.12471
42.36	0.13898
42.38	0.14746
42.4	0.13368
42.42	0.11236
42.44	0.08868
42.46	0.05372
42.48	0.01673
42.5	-0.00524
42.52	-0.01456
42.54	0.00309
42.56	0.0293
42.58	0.06928
42.6	0.09016
42.62	0.06077
42.64	0.01624
42.66	-0.01692
42.68	-0.03029
42.7	-0.03559
42.72	-0.01241
42.74	0.01198
42.76	0.04419
42.78	0.05593
42.8	0.04339
42.82	0.02412
42.84	0.00382
42.86	-0.03374
42.88	-0.07214
42.9	-0.12462
42.92	-0.16091
42.94	-0.16537
42.96	-0.15439
42.98	-0.13422
43	-0.11655
43.02	-0.13773
43.04	-0.18582
43.06	-0.22422
43.08	-0.24333
43.1	-0.24192
43.12	-0.22512
43.14	-0.21128
43.16	-0.20001
43.18	-0.18499
43.2	-0.1605
43.22	-0.14762
43.24	-0.13445
43.26	-0.12507
43.28	-0.10477
43.3	-0.07848
43.32	-0.04812
43.34	-0.033
43.36	-0.03276
43.38	-0.03548
43.4	-0.02698
43.42	-0.00628
43.44	0.01615
43.46	0.03663
43.48	0.05069
43.5	0.06448
43.52	0.07806
43.54	0.1037
43.56	0.12931
43.58	0.12189
43.6	0.08973
43.62	0.05084
43.64	0.0096
43.66	-0.03014
43.68	-0.07213
43.7	-0.09201
43.72	-0.09155
43.74	-0.0883
43.76	-0.08378
43.78	-0.07812
43.8	-0.08152
43.82	-0.09947
43.84	-0.12079
43.86	-0.11511
43.88	-0.08346
43.9	-0.0562
43.92	-0.04646
43.94	-0.05682
43.96	-0.06976
43.98	-0.0749
44	-0.08659
44.02	-0.10389
44.04	-0.1249
44.06	-0.1301
44.08	-0.11084
44.1	-0.08926
44.12	-0.08385
44.14	-0.0896
44.16	-0.09317
44.18	-0.06483
44.2	-0.01935
44.22	0.01123
44.24	0.02696
44.26	0.04059
44.28	0.0523
44.3	0.05329
44.32	0.02905
44.34	-0.00753
44.36	-0.01963
44.38	-0.01271
44.4	-0.01168
44.42	-0.01892
44.44	-0.02165
44.46	-0.01618
44.48	-0.01512
44.5	-0.01937
44.52	-0.02506
44.54	-0.0309
44.56	-0.03706
44.58	-0.04291
44.6	-0.04783
44.62	-0.03449
44.64	-0.01223
44.66	0.02116
44.68	0.0457
44.7	0.03208
44.72	0.0112
44.74	0.00928
44.76	0.01716
44.78	0.02203
44.8	0.01278
44.82	-0.01301
44.84	-0.04255
44.86	-0.06318
44.88	-0.07884
44.9	-0.09728
44.92	-0.09152
44.94	-0.05244
44.96	-0.00995
44.98	0.03416
45	0.05712
45.02	0.05494
45.04	0.0422
45.06	0.02677
45.08	0.01007
45.1	-0.00399
45.12	-0.00325
45.14	0.00147
45.16	0.00838
45.18	0.01133
45.2	-0.00577
45.22	-0.03011
45.24	-0.05496
45.26	-0.08118
45.28	-0.10586
45.3	-0.13998
45.32	-0.18049
45.34	-0.21051
45.36	-0.21023
45.38	-0.19306
45.4	-0.17336
45.42	-0.15211
45.44	-0.11614
45.46	-0.0654
45.48	-0.02429
45.5	-0.00577
45.52	-0.01308
45.54	-0.03559
45.56	-0.06096
45.58	-0.07444
45.6	-0.05435
45.62	-0.03725
45.64	-0.02242
45.66	-0.01366
45.68	0.01519
45.7	0.05146
45.72	0.06264
45.74	0.04178
45.76	0.00991
45.78	-0.0018
45.8	-0.00215
45.82	-0.00787
45.84	-0.02973
45.86	-0.04853
45.88	-0.06008
45.9	-0.06651
45.92	-0.05457
45.94	-0.042
45.96	-0.03142
45.98	-0.02201
46	-0.00404
46.02	0.02938
46.04	0.04743
46.06	0.04519
46.08	0.04021
46.1	0.04236
46.12	0.04835
46.14	0.05573
46.16	0.05777
46.18	0.05614
46.2	0.04409
46.22	0.0207
46.24	-0.00366
46.26	-0.02544
46.28	-0.04128
46.3	-0.05711
46.32	-0.06434
46.34	-0.06679
46.36	-0.06914
46.38	-0.07281
46.4	-0.07578
46.42	-0.07223
46.44	-0.06438
46.46	-0.05775
46.48	-0.05363
46.5	-0.05224
46.52	-0.04343
46.54	-0.02304
46.56	0.01117
46.58	0.04768
46.6	0.07319
46.62	0.08769
46.64	0.08616
46.66	0.07765
46.68	0.06705
46.7	0.05663
46.72	0.04563
46.74	0.03552
46.76	0.03008
46.78	0.03946
46.8	0.05492
46.82	0.0726
46.84	0.08596
46.86	0.08845
46.88	0.05932
46.9	0.02042
46.92	-0.02147
46.94	-0.06266
46.96	-0.09086
46.98	-0.08678
47	-0.06486
47.02	-0.03841
47.04	-0.02128
47.06	-0.01943
47.08	-0.01738
47.1	-0.01676
47.12	-0.00085
47.14	0.00828
47.16	0.01437
47.18	-0.00541
47.2	-0.0486
47.22	-0.09746
47.24	-0.13154
47.26	-0.14279
47.28	-0.13675
47.3	-0.11926
47.32	-0.10182
47.34	-0.08245
47.36	-0.06658
47.38	-0.05991
47.4	-0.05583
47.42	-0.05256
47.44	-0.04237
47.46	-0.0269
47.48	-0.01498
47.5	-0.01124
47.52	-0.00853
47.54	0.00411
47.56	0.02091
47.58	0.03972
47.6	0.05401
47.62	0.06059
47.64	0.04391
47.66	0.0077
47.68	-0.00374
47.7	-0.00822
47.72	-0.009
47.74	-0.01075
47.76	-0.01632
47.78	-0.02402
47.8	-0.03056
47.82	-0.02613
47.84	-0.01015
47.86	0.01478
47.88	0.04194
47.9	0.0688
47.92	0.08645
47.94	0.09127
47.96	0.08909
47.98	0.08667
48	0.08964
48.02	0.09491
48.04	0.09913
48.06	0.09493
48.08	0.08797
48.1	0.08182
48.12	0.0803
48.14	0.07896
48.16	0.07912
48.18	0.06892
48.2	0.0492
48.22	0.03048
48.24	0.02749
48.26	0.04557
48.28	0.06971
48.3	0.08829
48.32	0.08609
48.34	0.07663
48.36	0.04437
48.38	0.00637
48.4	-0.03449
48.42	-0.06752
48.44	-0.06205
48.46	-0.02292
48.48	0.02431
48.5	0.05432
48.52	0.06739
48.54	0.06189
48.56	0.05297
48.58	0.05185
48.6	0.06847
48.62	0.08593
48.64	0.10538
48.66	0.10473
48.68	0.09562
48.7	0.08474
48.72	0.08121
48.74	0.08063
48.76	0.07722
48.78	0.06484
48.8	0.05284
48.82	0.0524
48.84	0.05964
48.86	0.06358
48.88	0.0614
48.9	0.0442
48.92	0.01822
48.94	0.00213
48.96	0.00166
48.98	0.00991
49	0.03615
49.02	0.06413
49.04	0.08229
49.06	0.08391
49.08	0.07164
49.1	0.04483
49.12	0.031
49.14	0.03993
49.16	0.05334
49.18	0.06254
49.2	0.06559
49.22	0.06937
49.24	0.06757
49.26	0.0521
49.28	0.03181
49.3	0.01714
49.32	0.00754
49.34	0.01524
49.36	0.03421
49.38	0.05479
49.4	0.07772
49.42	0.10675
49.44	0.13238
49.46	0.14712
49.48	0.13436
49.5	0.09685
49.52	0.06042
49.54	0.04058
49.56	0.02761
49.58	0.01561
49.6	0.00415
49.62	-0.00617
49.64	0.00241
49.66	0.01776
49.68	0.02361
49.7	0.02634
49.72	0.0286
49.74	0.03628
49.76	0.0451
49.78	0.04079
49.8	0.03249
49.82	0.0234
49.84	0.0262
49.86	0.04094
49.88	0.05892
49.9	0.0689
49.92	0.06456
49.94	0.05502
49.96	0.03354
49.98	0.01171
50	-0.01331
50.02	-0.02746
50.04	-0.02413
50.06	-0.0178
50.08	-0.00943
50.1	-0.00178
50.12	0.00675
50.14	0.01029
50.16	0.00512
50.18	0.00976
50.2	0.03109
50.22	0.05434
50.24	0.0758
50.26	0.07741
50.28	0.05728
50.3	0.03018
50.32	0.01822
50.34	0.01442
50.36	0.01089
50.38	0.02734
50.4	0.06392
50.42	0.09096
50.44	0.10251
50.46	0.09143
50.48	0.06404
50.5	0.03137
50.52	0.0009
50.54	-0.02026
50.56	-0.03955
50.58	-0.05753
50.6	-0.0757
50.62	-0.08489
50.64	-0.08996
50.66	-0.09366
50.68	-0.09762
50.7	-0.10096
50.72	-0.10463
50.74	-0.09528
50.76	-0.07798
50.78	-0.05931
50.8	-0.04782
50.82	-0.04138
50.84	-0.03589
50.86	-0.03082
50.88	-0.02571
50.9	-0.02052
50.92	-0.01549
50.94	-0.01022
50.96	-0.00531
50.98	0.00022
51	0.0024
51.02	-0.0067
51.04	-0.01811
51.06	-0.02482
51.08	-0.02926
51.1	-0.03369
51.12	-0.03707
51.14	-0.04163
51.16	-0.04445
51.18	-0.06107
51.2	-0.08624
51.22	-0.0996
51.24	-0.10405
51.26	-0.09707
51.28	-0.08959
51.3	-0.08298
51.32	-0.08043
51.34	-0.07535
51.36	-0.05987
51.38	-0.04047
51.4	-0.02004
51.42	0.00473
51.44	0.03112
51.46	0.05438
51.48	0.05838
51.5	0.05599
51.52	0.05289
51.54	0.04207
51.56	0.02394
51.58	0.01303
51.6	0.00712
51.62	0.00088
51.64	0.00449
51.66	0.02302
51.68	0.04234
51.7	0.04355
51.72	0.03372
51.74	0.02276
51.76	0.01053
51.78	-0.00347
51.8	-0.02632
51.82	-0.04827
51.84	-0.07495
51.86	-0.07972
51.88	-0.05448
51.9	-0.02645
51.92	0.00552
51.94	0.02407
51.96	0.03395
51.98	0.04293
52	0.04505
52.02	0.03856
52.04	0.03066
52.06	0.02469
52.08	0.03176
52.1	0.04075
52.12	0.05247
52.14	0.05675
52.16	0.05058
52.18	0.04267
52.2	0.03384
52.22	0.02699
52.24	0.02071
52.26	0.01248
52.28	0.00033
52.3	-0.01263
52.32	-0.02303
52.34	-0.02086
52.36	-0.01656
52.38	-0.0101
52.4	-0.00877
52.42	-0.00925
52.44	-0.01303
52.46	-0.0202
52.48	-0.03146
52.5	-0.02943
52.52	-0.01043
52.54	0.01142
52.56	0.0295
52.58	0.03847
52.6	0.03524
52.62	0.02786
52.64	0.0195
52.66	0.0106
52.68	0.00342
52.7	0.01156
52.72	0.026
52.74	0.03758
52.76	0.04271
52.78	0.04776
52.8	0.05122
52.82	0.05659
52.84	0.05575
52.86	0.04734
52.88	0.03748
52.9	0.02668
52.92	0.01107
52.94	-0.00705
52.96	-0.02563
52.98	-0.04429
53	-0.06326
53.02	-0.07857
53.04	-0.08686
53.06	-0.09417
53.08	-0.10035
53.1	-0.10672
53.12	-0.10301
53.14	-0.09265
53.16	-0.08155
53.18	-0.06929
53.2	-0.06059
53.22	-0.06265
53.24	-0.06806
53.26	-0.07456
53.28	-0.08092
53.3	-0.08759
53.32	-0.09327
53.34	-0.08893
53.36	-0.07654
53.38	-0.0707
53.4	-0.07177
53.42	-0.07482
53.44	-0.07135
53.46	-0.05806
53.48	-0.04259
53.5	-0.03347
53.52	-0.04234
53.54	-0.0553
53.56	-0.06498
53.58	-0.06286
53.6	-0.05917
53.62	-0.05357
53.64	-0.04859
53.66	-0.04614
53.68	-0.04963
53.7	-0.05354
53.72	-0.05864
53.74	-0.0611
53.76	-0.05569
53.78	-0.0481
53.8	-0.04048
53.82	-0.04077
53.84	-0.04424
53.86	-0.049
53.88	-0.05575
53.9	-0.06439
53.92	-0.06894
53.94	-0.06228
53.96	-0.05285
53.98	-0.04224
54	-0.03243
54.02	-0.02889
54.04	-0.02964
54.06	-0.02802
54.08	-0.01994
54.1	-0.00923
54.12	-0.0019
54.14	-0.00188
54.16	-0.00357
54.18	-0.00572
54.2	-0.00812
54.22	-0.01018
54.24	-0.01263
54.26	-0.01513
54.28	-0.02513
54.3	-0.03784
54.32	-0.05022
54.34	-0.04683
54.36	-0.03788
54.38	-0.02872
54.4	-0.02609
	
