t (s)	ag (m/s^2)
0	0.06493
0.02	0.07023
0.04	0.08016
0.06	0.07366
0.08	0.05406
0.1	0.04239
0.12	0.01783
0.14	0.00445
0.16	0.00827
0.18	0.023
0.2	0.04466
0.22	0.04387
0.24	0.02119
0.26	0.02214
0.28	0.00747
0.3	0.01613
0.32	0.04575
0.34	0.04552
0.36	0.03439
0.38	0.02554
0.4	0.02583
0.42	0.09003
0.44	0.18219
0.46	0.21078
0.48	0.2371
0.5	0.26693
0.52	0.28677
0.54	0.22748
0.56	0.17488
0.58	0.09283
0.6	0.09652
0.62	0.1685
0.64	0.23231
0.66	0.25177
0.68	0.23147
0.7	0.34489
0.72	0.28473
0.74	-0.10917
0.76	-0.54484
0.78	-0.73805
0.8	-0.65656
0.82	-0.50893
0.84	-0.56024
0.86	-0.6302
0.88	-0.46339
0.9	-0.18096
0.92	0.09184
0.94	0.21319
0.96	0.13896
0.98	0.41787
1	0.80886
1.02	1.10191
1.04	1.09389
1.06	0.79395
1.08	0.66135
1.1	0.587
1.12	0.40466
1.14	0.12013
1.16	-0.23152
1.18	-0.5128
1.2	-0.30605
1.22	-0.52584
1.24	-0.78732
1.26	-0.9351
1.28	-0.7863
1.3	-0.68281
1.32	-0.67981
1.34	-0.7542
1.36	-0.5903
1.38	0.15192
1.4	0.08976
1.42	-0.03674
1.44	0.08651
1.46	0.06707
1.48	0.01521
1.5	0.25884
1.52	0.28567
1.54	0.36579
1.56	0.44004
1.58	0.81081
1.6	0.89158
1.62	0.30825
1.64	0.19582
1.66	-0.01612
1.68	-0.5888
1.7	-0.92314
1.72	-0.38073
1.74	-0.085
1.76	-0.44175
1.78	-0.67241
1.8	-0.83983
1.82	-1.28121
1.84	-1.38428
1.86	-0.65139
1.88	0.60832
1.9	1.26335
1.92	0.96737
1.94	0.8109
1.96	0.44502
1.98	-0.0593
2	-0.10641
2.02	0.37271
2.04	0.74055
2.06	0.90035
2.08	0.74038
2.1	0.35944
2.12	0.09441
2.14	-0.10479
2.16	-0.08064
2.18	-0.06058
2.2	0.04731
2.22	0.3577
2.24	0.66033
2.26	0.63751
2.28	0.3288
2.3	0.09079
2.32	-0.07394
2.34	0.01106
2.36	0.21025
2.38	0.1934
2.4	0.19365
2.42	0.06185
2.44	-0.01412
2.46	-0.04995
2.48	-0.2796
2.5	-1.00727
2.52	-1.86726
2.54	-2.51156
2.56	-2.9291
2.58	-3.28253
2.6	-3.69218
2.62	-4.3815
2.64	-4.84746
2.66	-4.39122
2.68	-2.65233
2.7	0.00727
2.72	-0.31256
2.74	-1.57946
2.76	-2.82408
2.78	-3.21283
2.8	-4.53173
2.82	-4.32651
2.84	-4.62578
2.86	-4.04973
2.88	-4.78137
2.9	-3.91807
2.92	-4.83766
2.94	-0.48645
2.96	14.16176
2.98	13.85844
3	14.68297
3.02	12.62674
3.04	5.37414
3.06	-1.91025
3.08	-4.20275
3.1	-2.42457
3.12	-2.86102
3.14	-3.17568
3.16	-3.42231
3.18	-3.28076
3.2	1.09978
3.22	4.15502
3.24	2.06088
3.26	3.20995
3.28	0.20395
3.3	-1.22373
3.32	-1.66895
3.34	-1.74155
3.36	-0.51371
3.38	0.36429
3.4	0.77904
3.42	-0.46195
3.44	-0.91481
3.46	-1.23969
3.48	-0.16522
3.5	2.155
3.52	1.28053
3.54	-0.47444
3.56	-0.21369
3.58	0.59056
3.6	1.14567
3.62	1.06358
3.64	0.78978
3.66	0.56305
3.68	0.06749
3.7	-0.6945
3.72	-1.69394
3.74	-2.07453
3.76	-1.44792
3.78	-0.0428
3.8	1.21482
3.82	1.89774
3.84	2.50841
3.86	1.92989
3.88	1.45442
3.9	1.57607
3.92	0.81162
3.94	-0.09023
3.96	-0.20562
3.98	0.40354
4	0.79541
4.02	0.56925
4.04	0.02344
4.06	0.19202
4.08	0.85425
4.1	1.34036
4.12	1.07346
4.14	-0.36638
4.16	-1.63959
4.18	-1.77623
4.2	0.37342
4.22	1.55552
4.24	1.09479
4.26	0.72999
4.28	1.30022
4.3	1.78319
4.32	2.46469
4.34	2.19841
4.36	0.06204
4.38	-1.25952
4.4	-2.22208
4.42	-0.40616
4.44	2.2729
4.46	3.88461
4.48	2.72792
4.5	0.72643
4.52	-0.30226
4.54	-1.5782
4.56	-2.01345
4.58	-1.82649
4.6	-1.08783
4.62	0.04591
4.64	1.05517
4.66	1.45046
4.68	1.21323
4.7	0.35925
4.72	0.03937
4.74	-0.49731
4.76	-1.30544
4.78	-1.74981
4.8	-0.46584
4.82	0.54964
4.84	1.26076
4.86	0.67779
4.88	-0.15939
4.9	0.69448
4.92	2.12506
4.94	2.9532
4.96	1.87233
4.98	0.92106
5	0.343
5.02	-0.68085
5.04	-1.97915
5.06	-3.08488
5.08	-1.91073
5.1	2.78875
5.12	3.90672
5.14	2.90662
5.16	1.43788
5.18	0.45255
5.2	0.51921
5.22	0.41184
5.24	0.30137
5.26	-0.37986
5.28	-1.01117
5.3	-1.10896
5.32	0.34697
5.34	1.02129
5.36	0.99084
5.38	0.08614
5.4	-0.49519
5.42	-0.62306
5.44	-0.9784
5.46	-1.43956
5.48	-1.58039
5.5	-1.1888
5.52	-1.04276
5.54	0.33721
5.56	1.94276
5.58	2.49267
5.6	1.30648
5.62	0.1371
5.64	-0.19798
5.66	-0.30562
5.68	0.34666
5.7	0.33508
5.72	-0.67991
5.74	-0.80716
5.76	0.59513
5.78	0.35232
5.8	-0.61721
5.82	-1.36286
5.84	-2.04393
5.86	-2.3056
5.88	-0.24476
5.9	1.59714
5.92	1.32889
5.94	0.871
5.96	-0.75613
5.98	-2.4749
6	-3.30375
6.02	-2.6895
6.04	-0.55868
6.06	0.38816
6.08	-0.00725
6.1	-0.54721
6.12	-0.95207
6.14	-0.40563
6.16	-0.23867
6.18	0.33136
6.2	0.30688
6.22	-0.38228
6.24	-1.08145
6.26	-1.0646
6.28	-0.76765
6.3	-1.11807
6.32	-1.5288
6.34	-0.92584
6.36	1.19767
6.38	2.65264
6.4	3.032
6.42	0.69667
6.44	-1.2232
6.46	-1.68965
6.48	-1.47206
6.5	-1.67345
6.52	-1.55503
6.54	0.03293
6.56	2.41134
6.58	3.0497
6.6	0.06687
6.62	-1.79229
6.64	-2.63866
6.66	-2.2089
6.68	-1.16119
6.7	0.63162
6.72	2.91357
6.74	4.07326
6.76	2.1841
6.78	0.01783
6.8	-0.3882
6.82	-0.84557
6.84	-1.10642
6.86	-1.46324
6.88	-0.73635
6.9	1.06475
6.92	2.96827
6.94	3.14953
6.96	1.10899
6.98	-0.52737
7	-1.10227
7.02	-0.1781
7.04	0.88319
7.06	0.35435
7.08	-0.49279
7.1	-1.16295
7.12	-1.11654
7.14	-1.042
7.16	-1.58276
7.18	-2.19508
7.2	-2.0412
7.22	1.62365
7.24	3.27175
7.26	4.34733
7.28	2.48688
7.3	-1.17784
7.32	-2.96565
7.34	-3.9647
7.36	-3.77896
7.38	-1.99008
7.4	1.86717
7.42	2.82784
7.44	1.92307
7.46	-0.25285
7.48	-1.25107
7.5	-0.64706
7.52	1.02789
7.54	2.17367
7.56	1.12633
7.58	-0.12772
7.6	-0.34318
7.62	-0.49872
7.64	-0.20141
7.66	-0.05763
7.68	-0.1698
7.7	-0.1521
7.72	-0.13508
7.74	0.38879
7.76	1.29594
7.78	1.74924
7.8	0.80373
7.82	-0.50404
7.84	-1.33715
7.86	-1.56782
7.88	-0.65602
7.9	0.25008
7.92	0.69953
7.94	0.89739
7.96	0.79293
7.98	0.7048
8	0.3694
8.02	0.03011
8.04	-0.16794
8.06	-0.46924
8.08	-0.25193
8.1	0.2949
8.12	0.41564
8.14	0.22747
8.16	-0.04861
8.18	0.12989
8.2	0.18707
8.22	-0.30462
8.24	-0.78622
8.26	-1.16658
8.28	-1.56223
8.3	-1.86026
8.32	-2.02928
8.34	-1.7291
8.36	-0.82342
8.38	-0.18431
8.4	0.15744
8.42	0.56821
8.44	0.72908
8.46	0.64704
8.48	0.19003
8.5	-0.24315
8.52	-0.14006
8.54	0.04206
8.56	0.07844
8.58	0.03039
8.6	0.04895
8.62	0.02181
8.64	0.22848
8.66	0.70849
8.68	0.86636
8.7	0.34374
8.72	-0.18687
8.74	-0.26619
8.76	-0.29339
8.78	-0.50731
8.8	-0.76406
8.82	-0.96106
8.84	-0.7624
8.86	-0.48925
8.88	-0.57708
8.9	-0.64169
8.92	-0.4019
8.94	0.29464
8.96	1.03232
8.98	1.09774
9	0.42179
9.02	0.03272
9.04	-0.11537
9.06	-0.46222
9.08	-0.49659
9.1	0.06233
9.12	0.26407
9.14	0.1444
9.16	0.3295
9.18	0.39282
9.2	0.18684
9.22	0.15552
9.24	0.20809
9.26	0.29454
9.28	0.0726
9.3	-0.34522
9.32	0.10108
9.34	0.66085
9.36	0.6842
9.38	0.61652
9.4	0.25332
9.42	-0.00266
9.44	-0.0834
9.46	0.02304
9.48	0.20282
9.5	0.09521
9.52	0.06292
9.54	0.23346
9.56	0.45533
9.58	0.35587
9.6	0.20115
9.62	0.1569
9.64	0.11763
9.66	0.15095
9.68	0.26089
9.7	0.30219
9.72	0.06899
9.74	-0.112
9.76	-0.21919
9.78	-0.05495
9.8	0.33615
9.82	0.54365
9.84	0.60138
9.86	0.31531
9.88	0.09498
9.9	0.11516
9.92	0.14515
9.94	0.07201
9.96	0.00966
9.98	0.20367
10	0.46666
10.02	0.61332
10.04	0.46967
10.06	0.20815
10.08	0.07561
10.1	-0.01923
10.12	-0.12399
10.14	-0.0519
10.16	0.08347
10.18	0.03434
10.2	-0.0321
10.22	-0.09355
10.24	0.00579
10.26	0.21877
10.28	0.34377
10.3	0.21572
10.32	-0.10204
10.34	-0.28675
10.36	-0.36497
10.38	-0.40363
10.4	-0.23635
10.42	-0.06828
10.44	-0.06603
10.46	-0.18436
10.48	-0.36102
10.5	-0.44756
10.52	-0.4632
10.54	-0.40759
10.56	-0.29244
10.58	-0.18029
10.6	-0.17291
10.62	-0.21031
10.64	-0.25251
10.66	-0.35129
10.68	-0.38082
10.7	-0.28058
10.72	-0.20364
10.74	-0.16442
10.76	-0.14342
10.78	-0.13952
10.8	-0.19431
10.82	-0.21546
10.84	-0.17037
10.86	-0.19078
10.88	-0.27061
10.9	-0.24948
10.92	-0.11907
10.94	-0.06689
10.96	-0.12039
10.98	-0.17678
11	-0.12448
11.02	-0.09067
11.04	-0.19733
11.06	-0.32038
11.08	-0.28902
11.1	-0.05834
11.12	0.07813
11.14	0.07259
11.16	0.02476
11.18	0.01116
11.2	0.05011
11.22	0.07875
11.24	0.07258
11.26	0.00758
11.28	-0.08148
11.3	-0.18401
11.32	-0.27608
11.34	-0.27527
11.36	-0.08636
11.38	0.11203
11.4	0.17706
11.42	0.15562
11.44	0.08135
11.46	0.02086
11.48	0.01116
11.5	-0.00299
11.52	0.07836
11.54	0.20375
11.56	0.22212
11.58	0.22557
11.6	0.20245
11.62	0.16836
11.64	0.13719
11.66	0.12304
11.68	0.18436
11.7	0.20845
11.72	0.15034
11.74	0.12885
11.76	0.17003
11.78	0.18449
11.8	0.12735
11.82	0.03817
11.84	0.03905
11.86	0.12515
11.88	0.15211
11.9	0.15382
11.92	0.15495
11.94	0.12698
11.96	-0.01285
11.98	-0.16051
12	-0.19714
12.02	-0.09353
12.04	-0.01257
12.06	-0.04678
12.08	-0.11425
12.1	-0.06388
12.12	0.1742
12.14	0.26217
12.16	0.21308
12.18	0.1822
12.2	0.13851
12.22	0.03199
12.24	-0.08296
12.26	-0.15128
12.28	-0.16837
12.3	-0.08632
12.32	0.16205
12.34	0.28445
12.36	0.16791
12.38	0.04592
12.4	0.04467
12.42	0.1325
12.44	0.17727
12.46	0.0576
12.48	-0.13384
12.5	-0.19449
12.52	-0.13101
12.54	-0.03655
12.56	0.00813
12.58	-0.01817
12.6	-0.1191
12.62	-0.18992
12.64	-0.18993
12.66	-0.19431
12.68	-0.24598
12.7	-0.10853
12.72	0.0598
12.74	0.04634
12.76	0.04021
12.78	0.11596
12.8	0.05949
12.82	-0.13317
12.84	-0.17033
12.86	-0.11202
12.88	-0.10274
12.9	-0.14118
12.92	-0.15921
12.94	-0.22988
12.96	-0.30555
12.98	-0.41851
13	-0.22634
13.02	0.04751
13.04	0.07963
13.06	0.11799
13.08	0.04885
13.1	-0.1837
13.12	-0.39841
13.14	-0.42561
13.16	-0.3595
13.18	-0.1095
13.2	0.01367
13.22	-0.00242
13.24	0.00974
13.26	-0.04213
13.28	-0.08376
13.3	-0.17176
13.32	-0.27697
13.34	-0.22902
13.36	-0.09347
13.38	-0.01316
13.4	0.0117
13.42	-0.00285
13.44	-0.02721
13.46	0.00133
13.48	0.05128
13.5	0.06344
13.52	0.13022
13.54	0.24216
13.56	0.26478
13.58	0.00037
13.6	-0.28852
13.62	-0.12881
13.64	0.20628
13.66	0.26799
13.68	0.18115
13.7	0.11074
13.72	0.08727
13.74	0.05836
13.76	-0.02163
13.78	-0.11331
13.8	-0.17335
13.82	-0.04173
13.84	0.18298
13.86	0.197
13.88	0.07289
13.9	-0.01687
13.92	-0.01073
13.94	0.02486
13.96	0.00736
13.98	-0.04378
14	0.04108
14.02	0.21287
14.04	0.20279
14.06	-0.02058
14.08	-0.14497
14.1	-0.08822
14.12	0.01696
14.14	0.22829
14.16	0.27887
14.18	0.2299
14.2	0.23903
14.22	0.17484
14.24	0.08854
14.26	0.01767
14.28	0.07232
14.3	0.17007
14.32	0.04255
14.34	-0.11644
14.36	-0.28144
14.38	-0.19301
14.4	0.10427
14.42	0.09708
14.44	-0.18249
14.46	-0.38556
14.48	-0.4306
14.5	-0.36451
14.52	0.01058
14.54	0.44992
14.56	0.45939
14.58	-0.00993
14.6	-0.43688
14.62	-0.32385
14.64	0.1808
14.66	0.5483
14.68	0.45945
14.7	-0.07305
14.72	-0.49424
14.74	-0.28401
14.76	-0.036
14.78	-0.26588
14.8	-0.48467
14.82	-0.19771
14.84	0.35539
14.86	0.3651
14.88	-0.03921
14.9	-0.16113
14.92	0.09967
14.94	0.23905
14.96	0.04969
14.98	-0.06561
15	0.13445
15.02	0.12526
15.04	-0.14721
15.06	-0.25158
15.08	-0.1182
15.1	0.00102
15.12	-0.00476
15.14	0.09302
15.16	0.19256
15.18	0.26368
15.2	0.36358
15.22	0.2101
15.24	-0.07413
15.26	-0.30039
15.28	-0.40223
15.3	-0.35078
15.32	-0.23145
15.34	0.05685
15.36	0.21492
15.38	0.05757
15.4	-0.06634
15.42	-0.00806
15.44	0.49306
15.46	0.71487
15.48	0.0829
15.5	-0.56286
15.52	-0.60387
15.54	-0.20528
15.56	-0.04194
15.58	-0.07931
15.6	-0.1419
15.62	-0.05638
15.64	0.22425
15.66	0.47349
15.68	0.33837
15.7	-0.01265
15.72	-0.36288
15.74	-0.5427
15.76	-0.38856
15.78	-0.0955
15.8	0.21044
15.82	0.28641
15.84	0.16307
15.86	0.07946
15.88	0.23719
15.9	0.31945
15.92	0.10356
15.94	-0.20768
15.96	-0.35296
15.98	-0.37949
16	-0.13926
16.02	0.09757
16.04	0.07991
16.06	0.04772
16.08	0.03307
16.1	0.16413
16.12	0.21091
16.14	0.30939
16.16	0.4882
16.18	0.62925
16.2	0.7527
16.22	0.73097
16.24	0.45353
16.26	0.23522
16.28	0.1059
16.3	-0.25151
16.32	-0.62924
16.34	-0.58134
16.36	-0.16015
16.38	-0.1524
16.4	-0.53445
16.42	-0.57017
16.44	-0.1152
16.46	0.25494
16.48	0.64279
16.5	0.85866
16.52	0.46134
16.54	0.00281
16.56	-0.29385
16.58	-0.54071
16.6	-0.48277
16.62	-0.03539
16.64	0.26103
16.66	0.2155
16.68	0.06243
16.7	-0.10776
16.72	-0.33759
16.74	-0.44892
16.76	-0.09488
16.78	0.73746
16.8	0.70146
16.82	-0.28836
16.84	-0.53739
16.86	0.09465
16.88	0.30051
16.9	-0.08446
16.92	-0.58931
16.94	-1.01039
16.96	-1.07822
16.98	-0.64261
17	-0.06177
17.02	0.26684
17.04	0.49214
17.06	0.37322
17.08	0.15316
17.1	-0.02346
17.12	-0.13541
17.14	-0.11056
17.16	-0.04762
17.18	0.02693
17.2	-0.01131
17.22	-0.20294
17.24	-0.27986
17.26	-0.45221
17.28	-0.21746
17.3	0.39844
17.32	0.62426
17.34	0.47819
17.36	-0.18651
17.38	-0.83045
17.4	-0.54453
17.42	0.25396
17.44	0.22751
17.46	-0.07428
17.48	-0.14104
17.5	-0.17308
17.52	-0.14704
17.54	0.21897
17.56	0.62186
17.58	0.86689
17.6	0.59529
17.62	-0.11566
17.64	-0.42845
17.66	-0.21688
17.68	0.2229
17.7	0.18458
17.72	-0.10532
17.74	-0.18526
17.76	0.01581
17.78	0.06027
17.8	0.15468
17.82	0.48238
17.84	0.66631
17.86	0.56754
17.88	0.19184
17.9	-0.31306
17.92	-0.68311
17.94	-0.61504
17.96	-0.41315
17.98	-0.3637
18	-0.32735
18.02	-0.0236
18.04	0.44943
18.06	0.78761
18.08	0.83602
18.1	0.70635
18.12	0.63239
18.14	0.38458
18.16	0.08076
18.18	-0.19348
18.2	-0.45765
18.22	-0.51195
18.24	-0.32108
18.26	0.04793
18.28	0.36814
18.3	0.23711
18.32	-0.0108
18.34	-0.09806
18.36	-0.08265
18.38	0.13925
18.4	0.22364
18.42	0.22823
18.44	0.24477
18.46	0.37571
18.48	0.56535
18.5	0.45162
18.52	0.09523
18.54	-0.24523
18.56	-0.42288
18.58	-0.44492
18.6	-0.24616
18.62	-0.0591
18.64	-0.12234
18.66	-0.30994
18.68	-0.42983
18.7	-0.41642
18.72	-0.19182
18.74	-0.04027
18.76	-0.14034
18.78	-0.30153
18.8	-0.33515
18.82	-0.1748
18.84	-0.16314
18.86	-0.41269
18.88	-0.73131
18.9	-0.29777
18.92	0.69027
18.94	1.03607
18.96	0.46607
18.98	0.18658
19	0.73415
19.02	1.27955
19.04	0.93295
19.06	-0.07878
19.08	-0.78208
19.1	-0.9555
19.12	-0.59018
19.14	0.04031
19.16	0.61799
19.18	0.56361
19.2	-0.07861
19.22	-0.52194
19.24	-0.76768
19.26	-0.88589
19.28	-0.28577
19.3	1.02343
19.32	1.25314
19.34	0.04318
19.36	-0.72533
19.38	-0.19513
19.4	0.57779
19.42	0.79497
19.44	0.65303
19.46	0.19077
19.48	-0.30544
19.5	-0.84341
19.52	-1.38179
19.54	-1.50245
19.56	-0.49076
19.58	1.28141
19.6	2.48943
19.62	1.92448
19.64	0.29706
19.66	-0.52994
19.68	-0.31686
19.7	-0.1945
19.72	-0.4979
19.74	-1.11391
19.76	-0.47499
19.78	1.13073
19.8	0.7261
19.82	-0.63775
19.84	-1.29913
19.86	-0.75355
19.88	0.45918
19.9	0.70308
19.92	-0.23714
19.94	-0.96583
19.96	-0.74195
19.98	0.0581
20	0.52792
20.02	0.29676
20.04	-0.10819
20.06	-0.42059
20.08	-0.40152
20.1	0.01009
20.12	0.2842
20.14	0.19152
20.16	-0.10235
20.18	-0.23891
20.2	-0.23267
20.22	-0.20031
20.24	-0.05087
20.26	0.03635
20.28	-0.05063
20.3	-0.11404
20.32	-0.14755
20.34	-0.07544
20.36	0.11611
20.38	0.16066
20.4	0.11173
20.42	0.00675
20.44	-0.12163
20.46	-0.23987
20.48	-0.27722
20.5	-0.14363
20.52	0.0528
20.54	0.18876
20.56	0.32477
20.58	0.38364
20.6	0.30042
20.62	0.08495
20.64	-0.15903
20.66	-0.32536
20.68	-0.26559
20.7	0.00854
20.72	0.11401
20.74	0.10312
20.76	0.09571
20.78	0.07831
20.8	0.04245
20.82	-0.03261
20.84	-0.01331
20.86	0.14608
20.88	0.14502
20.9	-0.08052
20.92	-0.20981
20.94	-0.22846
20.96	-0.17907
20.98	-0.02847
21	0.05027
21.02	0.00905
21.04	-0.12552
21.06	-0.09493
21.08	0.039
21.1	0.05301
21.12	0.02644
21.14	-0.02793
21.16	-0.11925
21.18	-0.22962
21.2	-0.27955
21.22	-0.27702
21.24	-0.19682
21.26	-0.07213
21.28	0.05419
21.3	0.11724
21.32	0.10611
21.34	0.07839
21.36	0.06889
21.38	0.07892
21.4	0.05649
21.42	0.00755
21.44	-0.06251
21.46	-0.13981
21.48	-0.17241
21.5	-0.18663
21.52	-0.14083
21.54	0.00094
21.56	0.09075
21.58	0.12244
21.6	0.16855
21.62	0.2226
21.64	0.24614
21.66	0.14923
21.68	0.02052
21.7	-0.03206
21.72	-0.05744
21.74	-0.03815
21.76	0.00177
21.78	0.04364
21.8	0.09125
21.82	0.12277
21.84	0.16215
21.86	0.19871
21.88	0.13549
21.9	-0.0087
21.92	-0.11511
21.94	-0.01619
21.96	0.20123
21.98	0.21183
22	0.02761
22.02	-0.08005
22.04	-0.06567
22.06	-0.08272
22.08	-0.12495
22.1	-0.04156
22.12	0.1005
22.14	0.15817
22.16	0.12656
22.18	0.07352
22.2	0.05606
22.22	0.06864
22.24	0.08111
22.26	0.04666
22.28	0.01152
22.3	-0.06862
22.32	-0.13882
22.34	-0.0789
22.36	0.04056
22.38	0.10861
22.4	0.1061
22.42	0.08563
22.44	0.01736
22.46	-0.07796
22.48	-0.15712
22.5	-0.17808
22.52	-0.11586
22.54	-0.06278
22.56	-0.02258
22.58	0.05126
22.6	0.08886
22.62	0.09292
22.64	0.10987
22.66	0.12302
22.68	0.09861
22.7	-0.03777
22.72	-0.19862
22.74	-0.30487
22.76	-0.34037
22.78	-0.17809
22.8	-0.02047
22.82	0.03695
22.84	0.02981
22.86	0.00074
22.88	0.05172
22.9	0.08566
22.92	0.07968
22.94	0.05553
22.96	0.03141
22.98	0.13994
23	0.21739
23.02	0.08597
23.04	-0.02746
23.06	-0.05893
23.08	0.01894
23.1	0.09436
23.12	0.16695
23.14	0.18013
23.16	0.08009
23.18	-0.0168
23.2	-0.0965
23.22	-0.12152
23.24	-0.07339
23.26	0.04202
23.28	0.09837
23.3	0.0841
23.32	0.08163
23.34	0.04877
23.36	0.0824
23.38	0.17165
23.4	0.14972
23.42	0.05463
23.44	0.01991
23.46	0.00302
23.48	-0.00559
23.5	0.02868
23.52	0.09245
23.54	0.18362
23.56	0.21186
23.58	0.14718
23.6	0.05098
23.62	-0.01263
23.64	-0.0072
23.66	0.00454
23.68	-0.03537
23.7	-0.0291
23.72	0.01582
23.74	0.06442
23.76	0.0427
23.78	0.02149
23.8	0.0157
23.82	0.0265
23.84	0.07261
23.86	0.0631
23.88	0.01716
23.9	-0.00766
23.92	0.01309
23.94	-0.02506
23.96	-0.07653
23.98	0.00631
24	0.0655
24.02	0.02356
24.04	0.02242
24.06	0.00715
24.08	0.00395
24.1	0.02223
24.12	-0.0042
24.14	-0.02093
24.16	-0.00814
24.18	-0.01048
24.2	-0.02786
24.22	-0.01879
24.24	0.00253
24.26	0.01023
24.28	0.00915
24.3	-0.00885
24.32	-0.00978
24.34	-0.05266
24.36	-0.05682
24.38	-0.03206
24.4	-0.02336
24.42	-0.00532
24.44	-0.00697
24.46	-0.03898
24.48	-0.02852
24.5	0.05141
24.52	0.03664
24.54	-0.00487
24.56	-0.0338
24.58	-0.0344
24.6	-0.01825
24.62	0.00594
24.64	0.04648
24.66	0.0588
24.68	0.03916
24.7	0.02852
24.72	0.05407
24.74	0.03468
24.76	-0.00424
24.78	0.00373
24.8	0.02304
24.82	-0.00937
24.84	-0.03376
24.86	-0.03829
24.88	-0.02119
24.9	0.02522
24.92	-0.01098
24.94	-0.04678
24.96	-0.06088
24.98	-0.12049
25	-0.15319
25.02	-0.09418
25.04	-0.01224
25.06	0.02207
25.08	-0.02171
25.1	-0.08753
25.12	-0.06897
25.14	-0.03046
25.16	0.05786
25.18	0.03214
25.2	-0.07007
25.22	-0.03883
25.24	0.01009
25.26	0.01811
25.28	0.05614
25.3	0.06385
25.32	0.01941
25.34	-0.04179
25.36	-0.16611
25.38	-0.13105
25.4	0.00205
25.42	-0.01285
25.44	-0.05751
25.46	-0.03526
25.48	-0.0123
25.5	-0.01562
25.52	-0.01679
25.54	-0.00737
25.56	0.04135
25.58	0.04487
25.6	0.00996
25.62	0.01121
25.64	0.00674
25.66	-0.00748
25.68	0.00228
25.7	-0.01639
25.72	-0.03863
25.74	-0.00733
25.76	0.02294
25.78	0.03987
25.8	0.03879
25.82	0.03461
25.84	0.03534
25.86	0.05029
25.88	0.07577
25.9	0.08422
25.92	0.03101
25.94	-0.00291
25.96	0.02741
25.98	0.02548
26	0.00636
26.02	0.01918
26.04	0.06043
26.06	0.08645
26.08	0.09143
26.1	0.09759
26.12	0.09607
26.14	0.08307
26.16	0.05677
26.18	0.00838
26.2	-0.04478
26.22	-0.04778
26.24	-0.03385
26.26	-0.00391
26.28	-0.0054
26.3	-0.02243
26.32	-0.02129
26.34	-0.02032
26.36	-0.04616
26.38	-0.09627
26.4	-0.10771
26.42	-0.08761
26.44	-0.03455
26.46	-0.01161
26.48	0.06772
26.5	0.18742
26.52	0.14739
26.54	0.04226
26.56	-0.03563
26.58	-0.14736
26.6	-0.22485
26.62	-0.18529
26.64	-0.18909
26.66	-0.11193
26.68	-0.00359
26.7	0.03377
26.72	0.08976
26.74	0.03244
26.76	0.065
26.78	-0.00894
26.8	-0.16639
26.82	-0.24291
26.84	-0.29304
26.86	-0.12238
26.88	0.02463
26.9	-0.01376
26.92	-0.12845
26.94	-0.15577
26.96	-0.08423
26.98	-0.01874
27	-0.03802
27.02	-0.00629
27.04	0.09198
27.06	0.1156
27.08	0.09116
27.1	0.05324
27.12	0.02152
27.14	-0.04867
27.16	-0.13764
27.18	-0.11156
27.2	-0.02524
27.22	-0.05679
27.24	-0.05549
27.26	0.04665
27.28	0.08322
27.3	-0.06971
27.32	-0.21164
27.34	-0.10046
27.36	0.08515
27.38	0.22492
27.4	0.17465
27.42	-0.06722
27.44	-0.18838
27.46	-0.11777
27.48	-0.04404
27.5	-0.05889
27.52	0.07245
27.54	0.25261
27.56	0.16827
27.58	0.00608
27.6	-0.15893
27.62	-0.32401
27.64	-0.31338
27.66	-0.07267
27.68	0.21016
27.7	0.25325
27.72	0.11294
27.74	-0.04894
27.76	-0.06585
27.78	0.01853
27.8	0.02158
27.82	-0.00341
27.84	-0.09317
27.86	-0.12532
27.88	-0.03238
27.9	0.06932
27.92	0.06852
27.94	0.00385
27.96	0.02798
27.98	0.07341
28	-0.00425
28.02	-0.0945
28.04	-0.06818
28.06	-0.01605
28.08	0.03969
28.1	0.09297
28.12	0.11862
28.14	0.01804
28.16	-0.06931
28.18	-0.02261
28.2	0.03289
28.22	0.036
28.24	-0.0847
28.26	-0.14028
28.28	-0.06449
28.3	0.00953
28.32	0.08039
28.34	0.10225
28.36	0.07353
28.38	0.0005
28.4	-0.06335
28.42	-0.09879
28.44	-0.08294
28.46	-0.03512
28.48	0.03161
28.5	0.07629
28.52	0.0595
28.54	0.00797
28.56	-0.06751
28.58	-0.12461
28.6	-0.0893
28.62	0.01532
28.64	0.10071
28.66	0.1022
28.68	0.05199
28.7	-0.00154
28.72	-0.06123
28.74	-0.07783
28.76	-0.08305
28.78	-0.05589
28.8	-0.04438
28.82	-0.01527
28.84	0.03851
28.86	0.14499
28.88	0.15005
28.9	0.06094
28.92	0.08773
28.94	0.0171
28.96	-0.15488
28.98	-0.18557
29	-0.0775
29.02	-0.04271
29.04	-0.06532
29.06	-0.00547
29.08	0.05515
29.1	0.07604
29.12	0.09352
29.14	0.07785
29.16	0.00372
29.18	-0.04211
29.2	0.0017
29.22	0.0455
29.24	0.02265
29.26	0.00989
29.28	0.05445
29.3	0.04131
29.32	0.06333
29.34	0.09473
29.36	0.08499
29.38	0.06682
29.4	0.05561
29.42	-0.03461
29.44	-0.11993
29.46	-0.07139
29.48	-0.01712
29.5	0.00696
29.52	0.00238
29.54	0.04766
29.56	0.07834
29.58	0.04392
29.6	0.03911
29.62	-0.00953
29.64	-0.07152
29.66	-0.06603
29.68	-0.00702
29.7	0.00835
29.72	0.0304
29.74	0.08517
29.76	0.08431
29.78	0.05293
29.8	0.0206
29.82	-0.00773
29.84	-0.02002
29.86	-0.00053
29.88	0.01289
29.9	0.0104
29.92	0.03481
29.94	0.03463
29.96	0.00671
29.98	-0.00227
30	-0.01009
30.02	-0.0418
30.04	-0.06155
30.06	-0.01187
30.08	0.01418
30.1	0.02831
30.12	0.00716
30.14	0.00184
30.16	0.013
30.18	0.01146
30.2	-0.00077
30.22	-0.02101
30.24	-0.01644
30.26	-0.04567
30.28	-0.02794
30.3	-0.01835
30.32	-0.01704
30.34	0.00387
30.36	0.02733
30.38	0.01343
30.4	-0.03119
30.42	-0.04505
30.44	-0.06537
30.46	-0.03091
30.48	-0.02322
30.5	-0.04552
30.52	-0.04651
30.54	-0.01454
30.56	0.01162
30.58	0.00958
30.6	0.00306
30.62	-0.04162
30.64	-0.07441
30.66	-0.06606
30.68	-0.02536
30.7	-0.0176
30.72	-0.0283
30.74	-0.02925
30.76	-0.01159
30.78	0.01434
30.8	0.00212
30.82	-0.00721
30.84	0.00353
30.86	0.03096
30.88	0.03821
30.9	0.01459
30.92	-0.00097
30.94	-0.02134
30.96	-0.04861
30.98	-0.0556
31	-0.02798
31.02	-0.01453
31.04	0.00742
31.06	0.00882
31.08	-0.02919
31.1	-0.0477
31.12	-0.03411
31.14	-0.04539
31.16	-0.03408
31.18	0.03585
31.2	0.06363
31.22	0.06593
31.24	0.03751
31.26	0.02857
31.28	0.05342
31.3	0.03671
31.32	0.01562
31.34	0.02415
31.36	0.04625
31.38	0.02978
31.4	0.00021
31.42	-0.0166
31.44	-0.00852
31.46	0.01098
31.48	0.01211
31.5	0.04776
31.52	0.07112
31.54	0.04779
31.56	0.01389
31.58	-0.00359
31.6	0.00227
31.62	0.02126
31.64	0.03084
31.66	0.03049
31.68	0.04676
31.7	0.04896
31.72	0.06287
31.74	0.07583
31.76	0.05681
31.78	0.04224
31.8	0.0106
31.82	-0.01556
31.84	0.00798
31.86	0.04214
31.88	0.08671
31.9	0.11784
31.92	0.11828
31.94	0.07822
31.96	0.02458
31.98	0.00965
32	0.00931
32.02	0.00957
32.04	-0.00248
32.06	0.03499
32.08	0.07338
32.1	0.09508
32.12	0.08379
32.14	0.04601
32.16	-0.00303
32.18	-0.00061
32.2	0.03653
32.22	0.03886
32.24	0.06236
32.26	0.06257
32.28	0.10376
32.3	0.11648
32.32	0.09298
32.34	0.06105
32.36	0.03139
32.38	0.00938
32.4	-0.01819
32.42	-0.00666
32.44	0.00627
32.46	0.05317
32.48	0.0683
32.5	0.05901
32.52	0.0572
32.54	0.03168
32.56	0.00524
32.58	-0.0087
32.6	-0.04243
32.62	-0.05465
32.64	-0.03715
32.66	-0.03873
32.68	-0.01099
32.7	0.00756
32.72	0.01559
32.74	0.00112
32.76	-0.00239
32.78	-0.00015
32.8	0.00766
32.82	-0.00572
32.84	-0.03417
32.86	-0.0333
32.88	-0.03543
32.9	-0.03857
32.92	-0.0326
32.94	-0.00262
32.96	-0.01041
32.98	-0.03493
33	-0.03236
33.02	-0.04201
33.04	-0.03462
33.06	-0.01656
33.08	-0.01751
33.1	-0.01134
33.12	-0.01388
33.14	-0.0308
33.16	-0.05059
33.18	-0.03175
33.2	-0.0213
33.22	-0.00358
33.24	0.0316
33.26	0.02308
33.28	0.02731
33.3	0.01215
33.32	-0.02686
33.34	-0.06611
33.36	-0.11725
33.38	-0.09449
33.4	-0.02702
33.42	0.00185
33.44	-0.00485
33.46	0.0102
33.48	0.03091
33.5	0.00908
33.52	-0.02349
33.54	-0.00729
33.56	0.01448
33.58	-0.01345
33.6	-0.03694
33.62	-0.03618
33.64	-0.03918
33.66	-0.05925
33.68	-0.04766
33.7	0.02868
33.72	0.13864
33.74	0.24114
33.76	0.23364
33.78	0.16716
33.8	0.02742
33.82	-0.14866
33.84	-0.26954
33.86	-0.39322
33.88	-0.55328
33.9	-0.50119
33.92	-0.09974
33.94	0.15217
33.96	0.20188
33.98	0.30214
34	0.30974
34.02	0.21927
34.04	0.07616
34.06	-0.05403
34.08	-0.03133
34.1	-0.04114
34.12	-0.18092
34.14	-0.15066
34.16	0.04092
34.18	0.12907
34.2	0.04505
34.22	-0.05052
34.24	0.08252
34.26	0.30252
34.28	0.55265
34.3	0.70073
34.32	0.48806
34.34	-0.1383
34.36	-0.7482
34.38	-1.10994
34.4	-1.22604
34.42	-0.8031
34.44	-0.44443
34.46	-0.2977
34.48	-0.19594
34.5	-0.22234
34.52	0.24999
34.54	1.02576
34.56	1.48677
34.58	1.56529
34.6	1.04656
34.62	0.26536
34.64	-0.40683
34.66	-1.14548
34.68	-1.57287
34.7	-1.35267
34.72	-0.69945
34.74	-0.03357
34.76	0.37492
34.78	0.39718
34.8	0.23902
34.82	-0.07935
34.84	-0.2593
34.86	-0.06581
34.88	0.14665
34.9	0.28247
34.92	-0.01621
34.94	-0.49613
34.96	-0.59441
34.98	-0.23787
35	0.22033
35.02	0.44951
35.04	0.27243
35.06	0.08552
35.08	0.13072
35.1	0.21162
35.12	0.38879
35.14	0.36662
35.16	0.01399
35.18	-0.31735
35.2	-0.51823
35.22	-0.49813
35.24	-0.22617
35.26	-0.15145
35.28	-0.14979
35.3	0.0399
35.32	0.25472
35.34	0.28344
35.36	0.0207
35.38	-0.01494
35.4	0.18712
35.42	0.15752
35.44	0.05795
35.46	-0.01017
35.48	-0.06458
35.5	0.01541
35.52	0.07113
35.54	0.0282
35.56	0.021
35.58	0.00173
35.6	-0.01372
35.62	0.01066
35.64	0.03043
35.66	0.00906
35.68	-0.00804
35.7	-0.02023
35.72	0.02112
35.74	0.02524
35.76	-0.05393
35.78	-0.04842
35.8	0.02564
35.82	0.04332
35.84	0.0151
35.86	0.029
35.88	0.06471
35.9	0.07699
35.92	0.01946
35.94	-0.02317
35.96	-0.03606
35.98	-0.0346
36	-0.02161
36.02	-0.03541
36.04	-0.00619
36.06	0.02218
36.08	0.03655
36.1	0.0505
36.12	0.05553
36.14	0.03525
36.16	-0.03108
36.18	-0.07479
36.2	-0.07418
36.22	-0.03197
36.24	-0.0192
36.26	-0.04093
36.28	-0.02217
36.3	-0.01026
36.32	-0.00532
36.34	0.0104
36.36	0.01962
36.38	0.02894
36.4	0.0278
36.42	0.05163
36.44	0.08798
36.46	0.10677
36.48	0.08528
36.5	0.00616
36.52	-0.04746
36.54	-0.04705
36.56	-0.04088
36.58	-0.03893
36.6	-0.01252
36.62	0.00713
36.64	0.02939
36.66	0.05544
36.68	0.09825
36.7	0.08835
36.72	0.04033
36.74	0.01021
36.76	0.0046
36.78	0.05549
36.8	0.05544
36.82	0.00581
36.84	0.00364
36.86	0.01915
36.88	-0.00572
36.9	-0.02071
36.92	-0.00919
36.94	0.02831
36.96	0.04384
36.98	0.02273
37	0.01683
37.02	0.01731
37.04	0.00335
37.06	-0.0107
37.08	-0.00838
37.1	-0.00052
37.12	0.00424
37.14	-0.03573
37.16	-0.06705
37.18	-0.04255
37.2	-0.0171
37.22	0.01285
37.24	0.07558
37.26	0.11987
37.28	0.04341
37.3	-0.04029
37.32	-0.03863
37.34	-0.03902
37.36	-0.03124
37.38	0.01289
37.4	0.02181
37.42	0.01788
37.44	0.04765
37.46	0.0773
37.48	0.07476
37.5	0.04976
37.52	0.02
37.54	-0.00237
37.56	-0.01762
37.58	-0.00153
37.6	0.0204
37.62	0.00813
37.64	-0.00873
37.66	-0.01182
37.68	-0.01824
37.7	-0.07559
37.72	-0.09254
37.74	-0.06633
37.76	-0.00208
37.78	0.05827
37.8	0.05049
37.82	0.04596
37.84	0.04951
37.86	0.03196
37.88	0.02565
37.9	0.01238
37.92	0.00658
37.94	0.04835
37.96	0.05218
37.98	0.0543
38	0.03569
38.02	0.02142
38.04	-0.0024
38.06	-0.05597
38.08	-0.04818
38.1	-0.03683
38.12	-0.01126
38.14	0.00936
38.16	0.01632
38.18	0.02829
38.2	0.0086
38.22	-0.01841
38.24	-0.00358
38.26	0.01337
38.28	0.02932
38.3	0.0171
38.32	-0.01925
38.34	-0.00774
38.36	0.00711
38.38	0.01953
38.4	0.01699
38.42	0.05013
38.44	0.07236
38.46	0.05851
38.48	0.03662
38.5	0.01442
38.52	-0.03133
38.54	-0.1553
38.56	-0.3452
38.58	-0.15081
38.6	0.33263
38.62	0.52443
38.64	0.25799
38.66	-0.15618
38.68	-0.17628
38.7	-0.12688
38.72	-0.14268
38.74	-0.03342
38.76	0.07357
38.78	0.12045
38.8	0.0898
38.82	0.02859
38.84	-0.05987
38.86	-0.05178
38.88	0.04283
38.9	0.06466
38.92	0.04493
38.94	0.00211
38.96	0.026
38.98	0.05697
39	0.00259
39.02	-0.04322
39.04	-0.04559
39.06	-0.03116
39.08	0.00296
39.1	0.02592
39.12	0.01841
39.14	0.01919
39.16	0.01908
39.18	0.01828
39.2	-0.00813
39.22	-0.01353
39.24	0.01321
39.26	0.05203
39.28	0.09038
39.3	0.0656
39.32	0.02756
39.34	-0.00493
39.36	-0.00659
39.38	-0.00386
39.4	0.00165
39.42	0.02958
39.44	0.04978
39.46	0.02859
39.48	-0.01616
39.5	-0.02071
39.52	0.00423
39.54	0.03137
39.56	0.02744
39.58	0.01964
39.6	0.01768
39.62	0.00363
39.64	0.01167
39.66	0.00728
39.68	0.00673
39.7	0.03879
39.72	0.06758
39.74	0.07069
39.76	0.05352
39.78	0.06821
39.8	0.05201
39.82	0.00659
39.84	-0.0146
39.86	0.00069
39.88	0.02149
39.9	0.01469
39.92	0.02475
39.94	0.04342
39.96	0.04417
39.98	0.02477
40	0.01736
40.02	0.03111
40.04	0.04713
40.06	0.03389
40.08	0.02514
40.1	0.02996
40.12	0.00419
40.14	-0.00254
40.16	-0.00262
40.18	0.00331
40.2	-0.0005
40.22	-0.01151
40.24	-0.00955
40.26	-0.01289
40.28	0.00462
40.3	0.0026
40.32	-0.01565
40.34	-0.02441
40.36	-0.02081
40.38	0.00245
40.4	0.0166
40.42	0.00002
40.44	-0.00076
40.46	0.00062
40.48	-0.01286
40.5	-0.01382
40.52	-0.01063
40.54	-0.01863
40.56	-0.02664
40.58	-0.02473
40.6	-0.02612
40.62	-0.02567
40.64	-0.041
40.66	-0.05123
40.68	-0.03144
40.7	-0.02383
40.72	-0.02887
40.74	-0.02613
40.76	-0.0284
40.78	-0.01214
40.8	-0.00455
40.82	-0.00493
40.84	-0.00704
40.86	-0.01291
40.88	-0.01626
40.9	-0.01993
40.92	-0.02345
40.94	-0.02389
40.96	-0.00497
40.98	-0.00011
41	0.00318
41.02	0.0113
41.04	0.02698
41.06	0.01988
41.08	-0.01467
41.1	-0.02666
41.12	-0.02122
41.14	-0.00626
41.16	-0.00442
41.18	0.01279
41.2	0.0014
41.22	-0.02978
41.24	-0.05006
41.26	-0.06575
41.28	-0.0552
41.3	-0.05683
41.32	-0.04194
41.34	-0.02516
41.36	-0.02904
41.38	-0.01989
41.4	-0.00762
41.42	-0.01324
41.44	-0.04365
41.46	-0.04868
41.48	-0.042
41.5	-0.02577
41.52	-0.01585
41.54	-0.02062
41.56	-0.01614
41.58	-0.03423
41.6	-0.0383
41.62	-0.03205
41.64	-0.03833
41.66	-0.03719
41.68	-0.01205
41.7	-0.00182
41.72	-0.01981
41.74	-0.0239
41.76	-0.01535
41.78	-0.00991
41.8	-0.01415
41.82	-0.02852
41.84	-0.01952
41.86	-0.0125
41.88	-0.01413
41.9	-0.01183
41.92	-0.01687
41.94	-0.01869
41.96	-0.00865
41.98	0.00603
42	0.01818
42.02	0.02993
42.04	0.02512
42.06	-0.00703
42.08	-0.0296
42.1	-0.04177
42.12	-0.02714
42.14	-0.00063
42.16	-0.0192
42.18	-0.02294
42.2	-0.02717
42.22	-0.02943
42.24	-0.02517
42.26	-0.02966
42.28	-0.01585
42.3	-0.00958
42.32	-0.0156
42.34	-0.02518
42.36	-0.03275
42.38	-0.03396
42.4	-0.01674
42.42	-0.00773
42.44	0.01806
42.46	0.03497
42.48	0.01958
42.5	0.01695
42.52	0.00018
42.54	-0.02235
42.56	-0.04129
42.58	-0.00609
42.6	0.00267
42.62	-0.00986
42.64	-0.00229
42.66	-0.02207
42.68	-0.02253
42.7	-0.0214
42.72	-0.01316
42.74	-0.00389
42.76	0.00462
42.78	0.01866
42.8	-0.0009
42.82	-0.01498
42.84	-0.00939
42.86	0.00116
42.88	-0.00798
42.9	-0.0085
42.92	0.00123
42.94	-0.01422
42.96	-0.00968
42.98	-0.00018
43	-0.00141
43.02	-0.02063
43.04	-0.02102
43.06	-0.01698
43.08	-0.00784
43.1	0.00374
43.12	0.00023
43.14	-0.01302
43.16	-0.03107
43.18	-0.01516
43.2	-0.0129
43.22	0.0022
43.24	0.01197
43.26	0.00519
43.28	0.01627
43.3	0.01676
43.32	0.01414
43.34	0.01683
43.36	0.01019
43.38	0.00126
43.4	0.0006
43.42	-0.0043
43.44	-0.00207
43.46	0.00217
43.48	-0.00817
43.5	-0.0133
43.52	0.00386
43.54	0.0143
43.56	0.01261
43.58	0.01458
43.6	0.0124
43.62	0.01556
43.64	0.00886
43.66	-0.00331
43.68	0.01242
43.7	0.02198
43.72	0.02885
43.74	0.0245
43.76	0.01245
43.78	0.01388
43.8	-0.01165
43.82	-0.04205
43.84	-0.04184
43.86	0.06823
43.88	0.0993
43.9	-0.04173
43.92	-0.08358
43.94	0.00777
43.96	0.13911
43.98	0.18946
44	0.11246
44.02	-0.07285
44.04	-0.0954
44.06	-0.02827
44.08	-0.01967
44.1	0.00473
44.12	0.03445
44.14	0.03449
44.16	0.03695
44.18	0.05722
44.2	0.0202
44.22	0.01894
44.24	0.00356
44.26	-0.00462
44.28	0.00349
44.3	-0.0195
44.32	-0.0141
44.34	0.01424
44.36	0.02989
44.38	0.02772
44.4	-0.00514
44.42	-0.01543
44.44	-0.01343
44.46	-0.01754
44.48	-0.00393
44.5	0.01352
44.52	0.01286
44.54	-0.00135
44.56	-0.00427
44.58	-0.0058
44.6	-0.01226
44.62	-0.00278
44.64	0.02408
44.66	-0.01106
44.68	-0.02425
44.7	0.00815
44.72	0.00362
44.74	0.02132
44.76	0.0208
44.78	0.00925
44.8	0.01822
44.82	0.01167
44.84	-0.00866
44.86	0.00756
44.88	0.02379
44.9	0.05002
44.92	0.0742
44.94	0.03
44.96	0.00427
44.98	-0.02555
45	-0.03433
45.02	-0.01072
45.04	-0.00733
45.06	-0.00544
45.08	-0.00713
45.1	0.01938
45.12	0.01791
45.14	0.02618
45.16	0.00381
45.18	-0.02193
45.2	-0.0085
45.22	-0.03423
45.24	-0.03228
45.26	-0.03547
45.28	-0.00047
45.3	0.04664
45.32	0.02855
45.34	-0.00096
45.36	-0.00437
45.38	-0.0053
45.4	-0.01825
45.42	-0.05242
45.44	-0.06035
45.46	-0.02506
45.48	-0.00211
45.5	-0.0036
45.52	-0.00409
45.54	-0.00347
45.56	-0.02668
45.58	-0.0541
45.6	-0.0591
45.62	-0.06082
45.64	-0.04309
45.66	-0.03088
45.68	-0.02014
45.7	-0.00189
45.72	-0.00484
45.74	-0.00083
45.76	-0.01299
45.78	-0.00505
45.8	-0.00464
45.82	-0.02441
45.84	-0.0457
45.86	-0.05825
45.88	0.01446
45.9	0.07301
45.92	0.03893
45.94	0.01178
45.96	0.01656
45.98	-0.02995
46	-0.05895
46.02	-0.02611
46.04	-0.00207
46.06	0.01902
46.08	0.01855
46.1	0.00106
46.12	-0.00745
46.14	-0.01386
46.16	-0.01264
46.18	-0.03023
46.2	-0.04284
46.22	-0.02294
46.24	-0.00348
46.26	-0.00527
46.28	-0.01148
46.3	-0.00292
46.32	-0.00032
46.34	-0.00392
46.36	-0.00289
46.38	-0.00375
46.4	-0.00185
46.42	-0.00288
46.44	-0.01832
46.46	-0.02632
46.48	-0.00238
46.5	-0.00606
46.52	0.00985
46.54	0.00562
46.56	0.00239
46.58	0.01726
46.6	-0.00057
46.62	0.02039
46.64	0.02676
46.66	0.02347
46.68	0.00596
46.7	0.00481
46.72	-0.00194
46.74	-0.00528
46.76	-0.00137
46.78	-0.00736
46.8	0.01385
46.82	0.02443
46.84	0.02596
46.86	0.02249
46.88	0.02454
46.9	0.0173
46.92	-0.00198
46.94	-0.00121
46.96	-0.00299
46.98	-0.00442
47	-0.00391
47.02	0.00458
47.04	0.02819
47.06	0.03669
47.08	0.03914
47.1	0.04457
47.12	-0.05593
47.14	-0.11671
47.16	-0.07003
47.18	-0.00095
47.2	0.07182
47.22	0.03811
47.24	0.00261
47.26	-0.00146
47.28	-0.00105
47.3	-0.00124
47.32	-0.00061
47.34	-0.00452
47.36	-0.01909
47.38	-0.00552
47.4	-0.02223
47.42	-0.02368
47.44	0.0066
47.46	0.02451
47.48	0.01228
47.5	-0.02119
47.52	-0.01967
47.54	-0.00183
47.56	-0.00118
47.58	-0.00234
47.6	0.00493
47.62	0.00518
47.64	-0.00019
47.66	0.00144
47.68	0.00115
47.7	0.02088
47.72	0.0333
47.74	0.02217
47.76	0.00398
47.78	0.00114
47.8	0.02042
47.82	0.01349
47.84	0.00005
47.86	0.00542
47.88	0.00022
47.9	-0.00556
47.92	0.00889
47.94	0.02752
47.96	0.02323
47.98	0.01432
48	0.0299
48.02	0.02416
48.04	0.02587
48.06	0.03165
48.08	0.01274
48.1	0.00326
48.12	0.00324
48.14	0.02209
48.16	0.03033
48.18	0.01165
48.2	0.00507
48.22	0.00432
48.24	-0.01335
48.26	-0.00631
48.28	0.0033
48.3	0.01629
48.32	0.03638
48.34	0.02859
48.36	0.00804
48.38	0.0035
48.4	0.00128
48.42	-0.01122
48.44	-0.02097
48.46	-0.02056
48.48	-0.00386
48.5	0.00229
48.52	0.00107
48.54	0.00256
48.56	0.00226
48.58	-0.0155
48.6	-0.00974
48.62	0.00277
48.64	0.00329
48.66	-0.01861
48.68	-0.02374
48.7	0.00045
48.72	0.00573
48.74	0.00575
48.76	0.00725
48.78	0.00518
48.8	0.0038
48.82	0.00765
48.84	0.00746
48.86	0.00834
48.88	0.00779
48.9	0.00845
48.92	0.00753
48.94	0.00891
48.96	0.00651
48.98	0.02363
49	0.02746
49.02	0.03743
49.04	0.03299
49.06	0.03049
49.08	0.03968
49.1	0.03737
49.12	0.03921
49.14	0.03762
49.16	0.03964
49.18	0.03056
49.2	0.02885
49.22	0.01281
49.24	0.00948
49.26	-0.00102
49.28	0.03179
49.3	0.06587
49.32	0.04937
49.34	0.0207
49.36	0.01088
49.38	0.01047
49.4	0.01237
49.42	0.00005
49.44	-0.01842
49.46	-0.00156
49.48	0.0289
49.5	0.03373
49.52	0.01108
49.54	0.01938
49.56	0.01643
49.58	-0.01461
49.6	-0.03842
49.62	-0.02755
49.64	-0.0115
49.66	0.00164
49.68	-0.00388
49.7	0.00451
49.72	0.0146
49.74	-0.00129
49.76	-0.01868
49.78	-0.02327
49.8	-0.00732
49.82	0.00924
49.84	0.01013
49.86	0.00902
49.88	0.01291
49.9	-0.00317
49.92	-0.02036
49.94	-0.02797
49.96	-0.01555
49.98	-0.03258
50	-0.04119
50.02	0.00087
50.04	0.00801
50.06	0.01203
50.08	-0.00912
50.1	-0.01424
50.12	-0.04397
50.14	-0.10202
50.16	-0.08088
50.18	0.03846
50.2	0.14212
50.22	0.13083
50.24	0.0652
50.26	0.00615
50.28	-0.04813
50.3	-0.07253
50.32	-0.09013
50.34	-0.07125
50.36	-0.00934
50.38	0.01643
50.4	0.04319
50.42	0.0207
50.44	0.01217
50.46	0.00483
50.48	-0.01506
50.5	-0.03902
50.52	-0.04582
50.54	-0.01738
50.56	0.01601
50.58	0.0383
50.6	0.04111
50.62	0.03554
50.64	0.01399
50.66	-0.00552
50.68	-0.05108
50.7	-0.03201
50.72	0.00325
50.74	0.02634
50.76	0.01953
50.78	0.0076
50.8	0.01151
50.82	0.00548
50.84	-0.00905
50.86	-0.0194
50.88	0.00623
50.9	0.02198
50.92	-0.00168
50.94	-0.01597
50.96	0.00729
50.98	0.01011
51	-0.00067
51.02	-0.00574
51.04	0.00753
51.06	0.00706
51.08	-0.00256
51.1	-0.01393
51.12	-0.01847
51.14	-0.01671
51.16	-0.01536
51.18	-0.01989
51.2	-0.02034
51.22	-0.01345
51.24	-0.01465
51.26	-0.01643
51.28	-0.02088
51.3	-0.00218
51.32	-0.00605
51.34	-0.02013
51.36	-0.01601
51.38	-0.01979
51.4	-0.01749
51.42	-0.01849
51.44	-0.01725
51.46	-0.01816
51.48	-0.01743
51.5	-0.01718
51.52	-0.01689
51.54	-0.01674
51.56	-0.01688
51.58	-0.01659
51.6	-0.01706
51.62	-0.01603
51.64	-0.01612
51.66	-0.01615
51.68	-0.01588
51.7	-0.00213
51.72	0.00034
51.74	0.00964
51.76	0.00424
51.78	-0.00346
51.8	0.01121
51.82	-0.00988
51.84	-0.01592
51.86	-0.01407
51.88	-0.0128
51.9	-0.00721
51.92	0.01151
51.94	0.01396
51.96	0.00367
51.98	0.00299
52	0.01458
52.02	0.01506
52.04	-0.00049
52.06	0.01001
52.08	0.007
52.1	0.01821
52.12	0.02054
52.14	0.0201
52.16	0.00755
52.18	-0.00636
52.2	0.00967
52.22	0.00767
52.24	-0.0049
52.26	-0.00663
52.28	-0.00726
52.3	-0.00604
52.32	-0.0003
52.34	-0.01743
52.36	-0.02155
52.38	-0.03103
52.4	-0.02609
52.42	-0.00981
52.44	-0.00512
52.46	-0.00611
52.48	-0.01642
52.5	-0.02758
52.52	-0.03038
52.54	-0.02433
52.56	-0.0069
52.58	-0.00186
52.6	-0.00904
52.62	0.00048
52.64	-0.00278
52.66	-0.00537
52.68	-0.01517
52.7	-0.00657
52.72	0.00783
52.74	0.0053
52.76	0.00866
52.78	0.00476
52.8	0.00682
52.82	-0.00483
52.84	-0.02196
52.86	-0.01511
52.88	-0.01029
52.9	-0.00004
52.92	0.00572
52.94	0.00964
52.96	0.00851
52.98	-0.00918
53	-0.01697
53.02	-0.01789
53.04	-0.01746
53.06	-0.01746
53.08	-0.00442
53.1	0.00842
53.12	0.01148
53.14	0.0033
53.16	0.00355
53.18	-0.00913
53.2	-0.01681
53.22	0.00701
53.24	0.00801
53.26	0.00205
53.28	-0.00144
53.3	0.0137
53.32	0.01694
53.34	0.00796
53.36	0.01228
53.38	0.00571
53.4	-0.00485
53.42	-0.0007
53.44	0.00956
53.46	0.00986
53.48	0.0107
53.5	0.00849
53.52	0.00253
53.54	0.00564
53.56	0.0091
53.58	0.01009
53.6	0.01088
53.62	-0.00278
53.64	0.0161
53.66	0.02191
53.68	-0.0306
53.7	-0.00677
53.72	0.03504
53.74	0.02541
53.76	-0.02517
53.78	-0.00865
53.8	0.03882
53.82	-0.01273
53.84	-0.04221
53.86	0.00108
53.88	0.02776
53.9	-0.01567
53.92	-0.02202
53.94	0.00535
53.96	0.00851
53.98	-0.00057
54	-0.01048
54.02	0.00072
54.04	0.00183
54.06	-0.01029
54.08	-0.01021
54.1	0.01077
54.12	-0.00156
54.14	-0.01544
54.16	-0.00503
54.18	-0.00013
54.2	-0.00322
54.22	-0.00135
54.24	0.00475
54.26	-0.02066
54.28	-0.01791
54.3	0.00072
54.32	-0.00005
54.34	-0.02685
54.36	-0.02283
54.38	-0.02442
54.4	-0.04507
54.42	-0.04411
54.44	-0.00825
54.46	0.0509
54.48	0.05602
54.5	0.00157
54.52	-0.04735
54.54	-0.04927
54.56	-0.01006
54.58	0.01149
54.6	0.00591
54.62	-0.0139
54.64	-0.00091
54.66	0.01259
54.68	-0.00936
54.7	-0.01965
54.72	-0.01085
54.74	0.00758
54.76	0.01151
54.78	0.00816
54.8	0.02728
54.82	0.03031
54.84	0.01438
54.86	0.01049
54.88	0.01172
54.9	0.00698
54.92	0.00267
54.94	0.01101
54.96	0.01528
54.98	0.00902
55	0.00309
55.02	0.00967
55.04	-0.0014
55.06	0.00974
55.08	0.0104
55.1	0.01129
55.12	0.00947
55.14	0.01232
55.16	0.01942
55.18	0.01421
55.2	-0.00957
55.22	-0.0114
55.24	0.01102
55.26	-0.02949
55.28	-0.13514
55.3	-0.13453
55.32	0.00907
55.34	0.058
55.36	0.10592
55.38	0.15123
55.4	0.12594
55.42	0.05501
55.44	-0.09328
55.46	-0.18936
55.48	-0.11386
55.5	0.00797
55.52	0.06333
55.54	0.01076
55.56	-0.0377
55.58	0.04384
55.6	0.04916
55.62	-0.04031
55.64	-0.07086
55.66	-0.03531
55.68	-0.03401
55.7	-0.02846
55.72	-0.00654
55.74	-0.00239
55.76	0.00875
55.78	0.00167
55.8	-0.00019
55.82	0.00313
55.84	-0.02579
55.86	-0.02179
55.88	0.0148
55.9	0.01162
55.92	0.01752
55.94	0.02622
55.96	0.01177
55.98	-0.00013
56	-0.00227
56.02	-0.01421
56.04	-0.01698
56.06	-0.01749
56.08	-0.00807
56.1	0.00929
56.12	0.0233
56.14	0.02109
56.16	0.0153
56.18	0.0082
56.2	-0.00127
56.22	-0.00258
56.24	-0.00209
56.26	0.02215
56.28	0.01513
56.3	0.02241
56.32	0.02295
56.34	0.008
56.36	0.00926
56.38	0.01875
56.4	0.00835
56.42	-0.01885
56.44	0.00069
56.46	0.00616
56.48	-0.00416
56.5	0.00293
56.52	0.01359
56.54	0.02004
56.56	0.01829
56.58	0.01044
56.6	0.00528
56.62	0.01298
56.64	0.00671
56.66	-0.00186
56.68	-0.00089
56.7	0.02061
56.72	0.02097
56.74	0.00842
56.76	0.01471
56.78	-0.00295
56.8	0.02555
56.82	0.01856
56.84	-0.0052
56.86	0.0099
56.88	0.02695
56.9	0.02223
56.92	-0.0191
56.94	-0.00799
56.96	0.0316
56.98	0.04208
57	0.00327
57.02	-0.00966
57.04	0.00634
57.06	0.00259
57.08	0.02215
57.1	0.03561
57.12	0.03564
57.14	0.01072
57.16	0.00669
57.18	0.00142
57.2	0.0025
57.22	0.00338
57.24	-0.00688
57.26	0.01821
57.28	0.00534
57.3	-0.00627
57.32	-0.01159
57.34	0.01534
57.36	0.02081
57.38	0.00188
57.4	-0.00447
57.42	-0.00552
57.44	0.00838
57.46	0.00537
57.48	-0.00415
57.5	-0.01102
57.52	-0.00654
57.54	-0.01546
57.56	-0.01599
57.58	-0.00859
57.6	-0.00262
57.62	-0.00588
57.64	-0.00463
57.66	-0.00326
57.68	-0.01223
57.7	-0.00982
57.72	-0.00424
57.74	-0.00489
57.76	-0.00795
57.78	-0.00627
57.8	0.00124
57.82	0.00933
57.84	-0.00747
57.86	-0.01329
57.88	-0.01106
57.9	0.01341
57.92	0.02083
57.94	-0.00141
57.96	-0.00227
57.98	-0.00285
58	-0.00342
58.02	-0.01681
58.04	-0.01403
58.06	0.00072
58.08	0.00965
58.1	0.00106
58.12	-0.00465
58.14	0.00608
58.16	0.01125
58.18	-0.00448
58.2	-0.00423
58.22	-0.00433
58.24	-0.00155
58.26	-0.00201
58.28	-0.01336
58.3	-0.00096
58.32	-0.00849
58.34	-0.01333
58.36	0.05771
58.38	0.12915
58.4	0.03409
58.42	-0.12662
58.44	-0.17504
58.46	-0.00709
58.48	0.17227
58.5	0.11042
58.52	0.01803
58.54	0.0484
58.56	-0.03717
58.58	-0.12162
58.6	-0.06478
58.62	0.00045
58.64	0.00333
58.66	0.03314
58.68	0.07162
58.7	0.00929
58.72	-0.01194
58.74	0.00585
58.76	0.01207
58.78	-0.0237
58.8	-0.01688
58.82	-0.00643
58.84	0.00238
58.86	0.05149
58.88	0.06528
58.9	0.00664
58.92	-0.08729
58.94	-0.06445
58.96	-0.00598
58.98	0.00199
59	0.01351
59.02	0.00996
59.04	-0.0229
59.06	-0.02968
59.08	-0.02198
59.1	0.00318
59.12	0.00608
59.14	-0.01134
59.16	0.00301
59.18	-0.0119
59.2	-0.01575
59.22	-0.0297
59.24	-0.01842
59.26	0.01502
59.28	-0.00317
59.3	0.00475
59.32	0.02354
59.34	0.00166
59.36	-0.04006
59.38	-0.03857
59.4	0.0026
59.42	0.0331
59.44	0.00685
59.46	-0.03527
59.48	-0.03606
59.5	-0.01569
59.52	-0.01176
59.54	0.00364
59.56	0.01777
59.58	-0.01078
59.6	-0.02351
59.62	0.0049
59.64	0.02434
59.66	0.0204
59.68	-0.00325
59.7	-0.00701
59.72	0.00835
59.74	0.02041
59.76	0.01001
59.78	-0.01724
59.8	0.00434
59.82	0.03603
59.84	0.04387
59.86	0.00776
59.88	0.00449
59.9	0.00511
59.92	-0.00574
59.94	-0.00312
59.96	0.01361
59.98	0.01679